0 0.6659967984375 0.71540630625 0.6611420625 0.71253640625 0.5369249921875 0.49116770625 0.5291780453125 0.4804862734375 0.5232166203124999 0.47901682812499996 0.518376684375 0.48350272343749995 0.5172405125 0.490676221875 0.5258728828125 0.5125280671875 0.650163709375 0.7297064796875 0.6532625125 0.7380759796875 0.6479652390624999 0.76034781875 0.6492490359375 0.7652783703125 0.6564205015625 0.77586865625 0.6599298359375 0.7748021859375 0.66986819375 0.712053865625 0.6659967984375 0.71540630625
0 0.608803546875 0.88283060625 0.6192506921875001 0.8671521375 0.618040540625 0.8375466640625 0.6132152859375 0.8289037218749999 0.6040075453125 0.827445359375 0.5935306921875 0.8079276078125 0.5448351625 0.6647014 0.5384014921875 0.6531774765625 0.53227775625 0.6527328203125 0.5289134078125 0.6553514375 0.5260655812499999 0.6696072890625 0.587156321875 0.84631149375 0.5791439390625001 0.867102809375 0.579985084375 0.8766904703125 0.5818443656250001 0.88171216875 0.5908012406250001 0.8810298124999999 0.59583308125 0.890230721875 0.60306350625 0.8892749234374999 0.608803546875 0.88283060625
0 0.49530087656250005 0.9420647828125001 0.4922907421875 0.9573454187499999 0.5007312078124999 0.9655104609375 0.505438428125 0.9767609421874999 0.51250654375 0.9768299265625 0.52054851875 0.9707502 0.5282953546875 0.9609470015625 0.5307152078125 0.9382194234375 0.5345664875 0.9325264484375 0.534802553125 0.9273113734375 0.52603746875 0.9211959015625 0.5203417031249999 0.929222971875 0.520238353125 0.9187016734375 0.5060723015625 0.8628828499999999 0.48553131250000003 0.74302475625 0.47655952656249995 0.7158666874999999 0.470996478125 0.7081573828125001 0.4689602046875 0.7172893046875 0.469594875 0.7468036312499999 0.4934264578125 0.8682333953124999 0.5023393984375 0.9274221796875001 0.5014540921874999 0.9367363984375 0.49530087656250005 0.9420647828125001
0 0.4205178140625 0.985896434375 0.423277196875 0.9889597109375 0.43182090000000006 0.9871614234375 0.4402317734375 0.9806148765625 0.441943428125 0.9735325250000001 0.43499323125 0.9503713703125 0.4280867453125 0.8263698125 0.4263897734375 0.8203233265625001 0.4221548015625 0.8191273265625 0.4194544890625 0.8250025984375 0.41825935937500003 0.8437221812500001 0.4253871171875 0.9551528687499999 0.4205178140625 0.985896434375
0 0.360693371875 0.9841685609375 0.36050519531249997 0.9774418624999999 0.3702435734375 0.8749854656249999 0.369889359375 0.8623234484375001 0.3666725234375 0.8565614874999999 0.3624966234375 0.864304034375 0.359250421875 0.8847997453125 0.34958983125 0.9824099328125 0.360693371875 0.9841685609375
0 0.292848978125 0.9688271578125001 0.30925709375 0.872679609375 0.3094783640625 0.8601087390625001 0.305936909375 0.8563963484375 0.3009494578125 0.8692628234375 0.282991309375 0.9718617625 0.29276830625 0.9734102874999999 0.292848978125 0.9688271578125001
0 0.2414793765625 0.9652869187500001 0.24170468125000003 0.9565247265625001 0.267069675 0.8596948203125001 0.2681762515625 0.8378097328124999 0.264074109375 0.8413619890625 0.25834886562500003 0.8551621 0.23330849374999998 0.949942434375 0.22686143281249999 0.9629716640625 0.2414793765625 0.9652869187500001
0 0.22342123749999998 0.814963840625 0.2197322671875 0.8196320281249999 0.21499568125000001 0.834639221875 0.219570071875 0.8411414453124999 0.22181293281249997 0.832567490625 0.226977490625 0.826032025 0.22753817812500002 0.818767378125 0.22342123749999998 0.814963840625
0 0.2105689203125 0.84024105 0.20462240468749998 0.8666120296875001 0.1887747484375 0.914525671875 0.1826363328125 0.92720985 0.1732073203125 0.9383223578125 0.174992846875 0.9475343468749999 0.18223806874999998 0.95393434375 0.1890995953125 0.9534453624999999 0.19600517343749999 0.9135698734375 0.217179696875 0.85809598125 0.2191274171875 0.8457985546875 0.21589589843749998 0.8531654296875001 0.21244299687499998 0.85261854375 0.2102590953125 0.8496464140625 0.2105689203125 0.84024105
0 0.0991758234375 0.804214490625 0.104635521875 0.8014024953125001 0.1044584140625 0.7950714859375 0.1006660953125 0.7892183765625 0.11461019531250001 0.734700284375 0.1128689453125 0.7270710484375 0.109504596875 0.7296896671875001 0.0911926953125 0.7782635 0.0872971390625 0.7823737234375 0.0782959859375 0.7814733296874999 0.087577596875 0.79922603125 0.0991758234375 0.804214490625
0 0.1222841828125 0.8929644234375 0.125117325 0.8918374124999999 0.1281126640625 0.8692009796875 0.164618546875 0.7951454796874999 0.17106678749999998 0.7730559328125 0.1686763 0.7695258390624999 0.1576979453125 0.7866959125 0.12151668125 0.8587018437499999 0.1087970796875 0.8682426796874999 0.107410046875 0.8732754578125 0.1112466421875 0.8807113187500001 0.1222841828125 0.8929644234375
0 0.7703457421875 0.3506308703125 0.7777385906250001 0.36913491718749997 0.784659190625 0.3775844828125 0.78817116875 0.3870699140625 0.7889385546875001 0.400847865625 0.7779308359375 0.4442756125 0.7762074812499999 0.4700548859375 0.82009918125 0.47700664843749996 0.820044496875 0.461450690625 0.8241170484375001 0.4431868453125 0.8251498671874999 0.4254920484375 0.8344607312500001 0.39650244843750004 0.8592801734375 0.3757468765625 0.8664515249999999 0.36585253125 0.8719111078124999 0.34255590625 0.8670562609375001 0.3192013734375 0.853539678125 0.3002526703125 0.8391377875 0.29061818281249996 0.8145985734375 0.2872568015625 0.7997688265625 0.28963521718749996 0.7851604625 0.299927396875 0.7759380421875 0.3115978703125 0.7711129015625 0.323439559375 0.7703457421875 0.3506308703125
0 0.311879678125 0.1325577875 0.30952691250000003 0.1371698796875 0.3088497703125 0.1470321 0.3058404515625 0.1520649140625 0.29911275000000004 0.15729585625 0.29048049374999996 0.1559286421875 0.28756652968749996 0.1575659515625 0.28140800781249997 0.1694459046875 0.276177825 0.173602259375 0.2472654359375 0.181091290625 0.24355335781249998 0.1747315578125 0.23870627187500001 0.17553798125 0.22706301875 0.168971490625 0.22180259375000003 0.1686630296875 0.2185038546875 0.16341818125000002 0.2141511828125 0.164827621875 0.211753890625 0.167858534375 0.209143628125 0.1768898703125 0.2149337375 0.212962428125 0.21907511406250002 0.227785496875 0.221327896875 0.2433588609375 0.2244279453125 0.25172049375 0.2248937921875 0.25809078125 0.2278237171875 0.263801925 0.23015757187500002 0.2788634203125 0.235782184375 0.2954955375 0.23629255625 0.30344700625 0.24129085468749997 0.3249646578125 0.246449621875 0.3352264875 0.248508340625 0.33712668125 0.25345876093749997 0.3365989796875 0.25824536249999996 0.326862925 0.265249471875 0.29753915468750003 0.27044143125 0.28524375625 0.27475420625 0.26546318750000003 0.2849108703125 0.249756453125 0.289040915625 0.24044111875000002 0.3086468578125 0.2144250515625 0.31254964687500003 0.213993775 0.31597398125 0.2203079328125 0.317862578125 0.21955763906249998 0.319153425 0.217925609375 0.322736553125 0.20275185625 0.3289698421875 0.196917896875 0.33365310625 0.1869031203125 0.3351728890625 0.1866191203125 0.34222025 0.19613065624999998 0.3435333625 0.1952892140625 0.346092796875 0.19123456249999998 0.3457890953125 0.1838405375 0.3475441125 0.1783467078125 0.3557248046875 0.170459996875 0.360312715625 0.163840725 0.36772889375 0.172885965625 0.3692486734375 0.1726019671875 0.3709083375 0.170503640625 0.371532971875 0.1553860171875 0.37314810781249996 0.1517065140625 0.3854970671875 0.142643509375 0.3946237359375 0.14461374062500001 0.39748351875 0.1274889375 0.402101671875 0.12533448281249998 0.40668958125000004 0.1187152109375 0.41136654375 0.11525829843749999 0.4177556734375 0.1149584671875 0.4187650828125 0.10672299999999998 0.4204835546875 0.10332221562499999 0.42881841249999997 0.09073754375000001 0.4353839703125 0.08653033593750001 0.43991307187500006 0.081213521875 0.4438364453125 0.071340746875 0.4503049703125 0.060296957812499996 0.46120724218750003 0.0473318578125 0.4668570671875 0.037732525 0.467424571875 0.034149446875 0.4649525125 0.0311343671875 0.455442746875 0.0325140671875 0.43193234062499997 0.048729321874999995 0.42745406875 0.0490694515625 0.420909096875 0.0438351578125 0.41737512343749994 0.043800140625 0.41301614531249997 0.051767443749999996 0.402873765625 0.064590540625 0.39892645 0.0634406390625 0.39497115781250003 0.0586165109375 0.390492884375 0.058956640625 0.387933453125 0.06301129062500001 0.38601628906249996 0.0695288578125 0.384682590625 0.0798117984375 0.3815922015625 0.08535648125 0.374982115625 0.0879825078125 0.364534359375 0.08317949375 0.3618493265625 0.08616483281250001 0.35976204218749996 0.0900319109375 0.36011026875 0.09900711718750001 0.3553539109375 0.1132079859375 0.3506689703125 0.112990671875 0.3432973203125 0.1055266109375 0.3381179671875 0.10470628125 0.33518971875000003 0.10922722656249999 0.33269875 0.12588573593750002 0.32535901875 0.133118578125 0.316763309375 0.12965831562500002 0.311879678125 0.1325577875