0 1 0.54422754375 0.9933597546874999 0.53739636875 0.988075371875 0.5487632359375 0.9725003484375 0.5448095421875 0.9680503421875001 0.5606243125 0.9552565703125 0.5586474671875 0.9516409390625 0.573968025 0.948025309375 0.5774275046875 0.9374565421875 0.57643908125 0.9307815328125001 0.5843464671875 0.9213252687500001 0.5813811984374999 0.9152065078125 0.5902770046875 0.9046377421875 0.588300159375 0.8935127234375001 0.5932422749999999 0.8729314421875 0.585334890625 0.8479001531250001 0.5428326984375 0.8428938953125 0.5428326984375 0.8387220125000001 0.5551879859375 0.8364970093749999 0.58978279375 0.8364970093749999 0.6362386796874999 0.8392782640625001 0.6817061421874999 0.8426157703125 0.7024630265625 0.848456403125 0.7088877765625 0.852350159375 0.7078993546875 0.8734876921874999 0.665397159375 0.8862814625000001 0.6555129296875 0.9096439999999999 0.6476055453125 0.9135377546875001 0.656501353125 0.9179877624999999 0.6574897765625 0.9213252687500001 0.6476055453125 0.9296690312500001 0.643651853125 0.9346752890625 0.643651853125 0.9430190515625 0.6515592375 0.944409678125 0.6382155265625 0.9502503125 0.6327792 0.9602628281250001 0.6278370828125001 0.964712834375 0.63475604375 0.9661034624999999 0.6194354875 0.971387846875 0.6130107375 0.9814003609374999 0.6120223140625 0.9883534968750001 0.5887943703125 0.9975316375000001 0.5823696203125001 1 0.5753843078124999 1 0.54422754375
0 0.3171875 0.625 0.015625 0.021875
0 0.1578125 0.6734375 0.015625 0.01875
0 0.16328125 0.73046875 0.01875 0.01875
0 0.1671875 0.57890625 0.015625 0.021875
0 0.03828125 0.63125 0.021875 0.028125
0 0.04375 0.8109375 0.015625 0.01875
0 0.0171875 0.80390625 0.015625 0.01875
0 0.28671875 0.40234375 0.01875 0.01875
0 0.26640625 0.42109375 0.015625 0.021875
0 0.24921875 0.44140625 0.015625 0.021875
0 0.228125 0.45859375 0.015625 0.021875
0 0.8953726328125 0.1070026515625 0.9062310765625 0.1111789765625 0.922101109375 0.09697947343749999 0.920430578125 0.033499342187499996 0.9095721359375 0.019299840625000002 0.8903610421874999 0.01679404375 0.8836789250000001 0.0201351046875 0.8803378640625 0.0368404015625 0.8678088921875 0.041016725 0.37745097968749997 0.0700238140625 0.37745097968749997 0.1327071546875 0.6790390281249999 0.11284950625000001 0.88618471875 0.09113261875 0.8953726328125 0.1070026515625
0 0.7504362296875 0 0.712449621875 0.024311428125 0.7015911796875 0.038510931250000005 0.720802271875 0.0443577859375 0.7792708140625 0.041016725 0.89434551875 0 0.7504362296875 0