0 0.777319534375 0.451126328125 0.7850961359374999 0.3771369046875 0.7437131234375001 0.32603313906250003 0.6748340765624999 0.3141182359375 0.541950321875 0.33287955468749997 0.4787221171875 0.2703977578125 0.4581208046875 0.46640614375 0.706530571875 0.4925150625 0.7123427515625 0.491051228125 0.777319534375 0.451126328125
0 0.34453125 0.27109375 0.275 0.10625
0 0.470829596875 0.059249746874999995 0.468057053125 0.0606629 0.48105379375 0.07015833593750001 0.4867982203125 0.0765313703125 0.49092571874999996 0.087192528125 0.4903804921875 0.0923800140625 0.4848081421875 0.0954656890625 0.48783242343750005 0.0999793859375 0.48739624218750005 0.104129375 0.4821804171875 0.106596925 0.47718268437500005 0.106989478125 0.4816058015625 0.10929004375 0.4829271109375 0.11336251093750001 0.480869746875 0.11629314843750001 0.47419843281249996 0.1187388390625 0.4779357609375 0.12201628281250002 0.47818536875 0.1251893921875 0.4705829140625 0.1309463296875 0.47412941562500005 0.13603939375000001 0.4676259265625 0.1424363171875 0.4693331484375 0.148385021875 0.4649688109375 0.15107318593750002 0.46895574531250006 0.15752373749999998 0.467120725 0.163886859375 0.46968156250000004 0.1728099171875 0.47481985781249997 0.17662796875 0.479708546875 0.1772729109375 0.486243553125 0.176124090625 0.48887072187499997 0.1738402296875 0.500812265625 0.0602240296875 0.4790675734375 0.058542157812499995 0.470829596875 0.059249746874999995
0 0.5148394421875 0.6403104515625 0.55798146875 0.7636456843749999 0.6041552640625001 0.8247728203125 0.6819751046875 0.8517100390625 0.732912428125 0.80078969375 0.7610854921875 0.6661919546874999 0.7550125000000001 0.5905215593750001 0.820275853125 0.5044701734375 0.50726163125 0.47157105312500003 0.5007434515625 0.5075227296875 0.5148394421875 0.6403104515625
0 1 0.5233599421874999 0.9446925296875 0.5175468921874999 0.7632632 0.8790117859375 0.7576314234375 0.9659573124999999 0.78267804375 1 0.912399734375 1 0.9199893703124999 0.9892744953125 0.9609717874999999 0.8975325312500001 1 0.5262038921875 1 0.5233599421874999
0 0.330148521875 0.8978181953125001 0.32578759062499996 0.8924328953125 0.3291192453125 0.8763599015624999 0.3220217546875 0.8657600265625 0.326636328125 0.8531065046874999 0.31919738125 0.8457553734375001 0.3241534078125 0.8298531078125 0.315431546875 0.81908250625 0.3203875734375 0.8031802390625 0.312948628125 0.795829109375 0.31525100781250004 0.75829781875 0.306358415625 0.7491515875 0.3096900734375 0.73307859375 0.3018218515625 0.7141861281249999 0.33310438750000004 0.66656224375 0.3184411296875 0.6576306484375001 0.298777934375 0.6572062812499999 0.278261096875 0.6649037734375 0.23354940468750002 0.66841596875 0.2161544921875 0.685474328125 0.2536906859375 0.7189812390625 0.25856870781249996 0.750697953125 0.2669491140625 0.7647173015625001 0.259085796875 0.777029365625 0.2679783890625 0.7861755968749999 0.2613979890625 0.8019071328124999 0.271573496875 0.8144728390625 0.2694418421875 0.8503797562500001 0.2793637109375 0.880984284375 0.273124765625 0.8934670765625 0.2831295453125 0.907657153125 0.28031007343750003 0.9188570296874999 0.2957001546875 0.928686175 0.30904149375 0.9580077859375 0.3252803109375 0.9285105421875001 0.330148521875 0.8978181953125001
0 0.23307131874999998 0.618275065625 0.2368371515625 0.644947934375 0.24611510937499997 0.6582404609375 0.26436856875000003 0.6642647687500001 0.4382104953125 0.6275186875000001 0.44124237343750006 0.6269936875 0.44710218125 0.571241340625 0.242944371875 0.610280025 0.23307131874999998 0.618275065625
0 0.170235221875 0.968094465625 0.15597961875 0.7579808875 0.143828471875 0.686084140625 0.1226723953125 0.4342284375 0.1210543390625 0.43097903125 0.06938822812499999 0.42554870312500004 0.0671901 0.446462496875 0.1148413375 0.9622723328125 0.170235221875 0.968094465625
0 0.4005965296875 0.9150764812500001 0.4122360234375 0.9029706828125 0.42713182187500004 0.7612466234374999 0.40668412812500004 0.7555904531250001 0.40040127812500004 0.7606782078125 0.4079329453125 0.8140239453125 0.3578457640625 0.884306128125 0.3545141046875 0.9003791218750001 0.3072463921875 0.9594614296874999 0.3029130484375 0.9820394671875 0.3600095171875 0.988040546875 0.36008485 0.9880074078125001 0.361450678125 0.9750124296875 0.3735041953125 0.969710040625 0.3750407515625 0.9550906890625 0.387265 0.9481639265625 0.38880155625 0.933544578125 0.40085507500000006 0.9282421875000001 0.4005965296875 0.9150764812500001
0 0 0.74332593125 0.0357662640625 0.6829379265625 0.0547026375 0.682464746875 0.06782443437499999 0.674811159375 0.069702446875 0.6569430656249999 0.0589708484375 0.641855440625 0.0204102828125 0.6180947625 0 0.613159015625 0 0.74332593125
0 0.250661484375 0.755614978125 0.25728579375 0.74727848125 0.2522370421875 0.7171861390625 0.23612014062500003 0.7064594421875 0.20312051250000002 0.707917990625 0.16815014687500002 0.681250028125 0.1546088859375 0.7397713359375 0.1556381609375 0.76122963125 0.1617941921875 0.7651612906249999 0.1788476484375 0.751351671875 0.250661484375 0.755614978125