0 0.6674929265625 1 0.6589339390625 0.9816451921875 0.6381795859375 0.98720320625 0.624947390625 0.98238708125 0.5848068875 0.9434263093749999 0.5541344609375 0.9247699 0.46964541562499995 0.837824196875 0.4077403390625 0.78242989375 0.38634298125 0.8412186515625001 0.5659746359375 1 0.6674929265625 1
0 0.5536327546875001 0.8412325546874999 0.5259521828125 0.8761130140625 0.536402334375 0.8808531281249999 0.5437724703125 0.8760430796875 0.5536905421875 0.900257503125 0.584958909375 0.9378622203125 0.613159409375 0.9247121109374999 0.6253456703125 0.9066698656250001 0.5889692828124999 0.8522208593749999 0.5924354296875001 0.8272584703125 0.58694735 0.8243244031250001 0.5536327546875001 0.8412325546874999
0 0.4520835359375 0.7265363421875 0.629647940625 0.8511049890625 0.641739965625 0.8976517796874999 0.65211410625 0.9051739390625 0.690624884375 0.8611233687500001 0.719211515625 0.8134607078125 0.71898955625 0.8012045078125001 0.6603385890625 0.807954403125 0.6083158703125 0.775907703125 0.5986957671875001 0.76116743125 0.584259540625 0.7596593546875 0.5796015125 0.7467251296875 0.5645632703125 0.7468710765625 0.554341153125 0.7337848296875 0.5361468859375 0.727162659375 0.533592875 0.7187405140625 0.5224646984375 0.7184364671875 0.5151006359375 0.7026441875 0.49840836875 0.7021881203125 0.4942763453125 0.690381915625 0.4781100828125 0.6910538671875 0.4699919828125 0.6824797 0.4461674953125 0.67685215 0.4379658328125 0.69938603125 0.4523875796875 0.715408165625 0.4520835359375 0.7265363421875
0 0.8022806453125 0.870855928125 0.8310831609375 0.8560517953125 0.8398093515625 0.8423696062499999 0.8308672765624999 0.8231932671875001 0.5221465859375 0.46810131562499996 0.49845019375 0.53320661875 0.7896504656250001 0.8643857796875001 0.8022806453125 0.870855928125
0 0.8501037703125001 1 0.9038718453125 0.8522734265624999 0.9023703812500001 0.8351697171874999 0.8525794046874999 0.8844803296875 0.8049515484375 1 0.8501037703125001 1
0 0.14989623125 0 0.1231575828125 0.07346383125 0.19578595468749999 0 0.14989623125 0
0 0.2662147765625 0 0.220855396875 0.30005981406250004 0.275644028125 0.32000124375 0.327518665625 0 0.2662147765625 0
0 0.33105755000000003 0.0458529625 0.3183331359375 0.1039718515625 0.349163659375 0.09646184375 0.4115665921875 0.11542837187499999 0.42502682187499996 0.1118983640625 0.42827100781249994 0.0746797796875 0.4015086484375 0.055573375 0.3782002828125 0.05270924375 0.3607600515625 0.038868959375 0.3551260265625 0.02089665 0.3456518734375 0.021194620312500002 0.33105755000000003 0.0458529625
0 0.47402123906250004 0.21402218281250002 0.468311203125 0.19883192031250002 0.480503540625 0.1601873421875 0.4740394640625 0.1522151890625 0.48336767031249994 0.136878978125 0.47705561718749995 0.1233427375 0.4841277828125 0.1090585328125 0.4808258078125 0.0872521703125 0.524748653125 0.0489177125 0.520090625 0.0359834875 0.48753614062499995 0.0250711953125 0.4197150640625 0.020990884374999998 0.40625483593749995 0.02452089375 0.400386703125 0.0354970484375 0.42616699062499996 0.07016769843750001 0.43119900156249996 0.08979403124999999 0.429532828125 0.130396678125 0.4197546296875 0.141822828125 0.42606668125 0.15535906875 0.41689049999999994 0.1651311921875 0.4232025515625 0.17866743125 0.41613038593749996 0.1929516359375 0.4195843828125 0.20919390937500001 0.4104082 0.2189660328125 0.4161182375 0.2341562984375 0.40843798124999997 0.2706968578125 0.4212718953125 0.35123019843750003 0.43323012343749995 0.3415340859375 0.461968778125 0.288307334375 0.458964775 0.275975125 0.46708894843750004 0.2639469609375 0.4634829296875 0.2532687765625 0.46950308593749995 0.23672853124999998 0.46529505000000004 0.2277043703125 0.47402123906250004 0.21402218281250002
0 0.47577869218749996 0.37387875937500004 0.48976492499999996 0.37147677031250004 0.4929270265625 0.3576425609375 0.507515275 0.3535865484375 0.514587440625 0.33930234531250003 0.52977770625 0.333592309375 0.532337790625 0.321412121875 0.546926040625 0.31735610937500003 0.551742165625 0.30412391250000004 0.5663304124999999 0.3000679 0.5717485531250001 0.2851816796875 0.5840807625 0.28217767656250003 0.6043565171874999 0.2422313875 0.621850471875 0.194167140625 0.59178531875 0.1632277921875 0.5740410421875 0.160515684375 0.5732748546875001 0.20893846093750001 0.5490543546875 0.239458865625 0.5338640906250001 0.2451689 0.4845231046875 0.298389578125 0.42134790781250003 0.348448153125 0.42104386250000003 0.35957633125 0.40889788437499996 0.36850168125 0.464762559375 0.38883476093749997 0.4709625671875 0.3871109546875 0.47577869218749996 0.37387875937500004
0 0.435330184375 0 0.44046941874999995 0.0154328703125 0.4688918796875 0.0145389578125 0.5180626187499999 0.0286893640625 0.6786868187499999 0.038010559375 0.680313959375 0.033540028124999996 0.5881634906250001 0 0.435330184375 0