0 0.3675973203125 0.6102969328125 0.34565495468749996 0.6145209140625 0.3523515140625 0.6190760703125 0.35581104531249996 0.6230347546874999 0.36391609062499997 0.628016703125 0.370211975 0.63056040625 0.391811778125 0.57709901875 0.38786194687500003 0.575503184375 0.3854369015625 0.577098571875 0.3675973203125 0.6102969328125
0 0.16008250625 0.608974834375 0.1463190859375 0.6109546109374999 0.133815753125 0.6090329796875 0.13319802812499998 0.609779325 0.13589153125 0.6132862421875 0.14115487499999999 0.616693240625 0.1419704640625 0.621717828125 0.1546716609375 0.6294103890625 0.175280140625 0.63944405 0.19158896406249998 0.6460332421875 0.194924828125 0.6463850984375 0.197741696875 0.64410859375 0.1931949125 0.6397106296875 0.189092825 0.6326468375000001 0.18958678906249998 0.6251635796875 0.19779026875 0.6173805734375 0.215185353125 0.5931082078125 0.213109578125 0.588854946875 0.2145918625 0.5789255 0.20599265312499998 0.5751666453125 0.18854760625 0.5823458593749999 0.16008250625 0.608974834375
0 0.8372542578125 1 0.9216311234375001 0.7911599296875 0.8505146124999999 0.7624269953125 0.8222707609375 0.8163814781250001 0.5137000078125 0.8376164765624999 0.2662461 0.8878849765625001 0.246469284375 0.9368343140625001 0.40280984374999995 1 0.8372542578125 1
0 0.374466325 0 0.3684597015625 0.0031620640625 0.36013505625 0.01936394375 0.3654405953125 0.034847467187499995 0.3822602578125 0.0416430515625 0.3826235515625 0.0693590578125 0.3210426859375 0.54850645 0.3722361078125 0.5691899359375 0.3851462109375 0.4901419546875 0.43190853906250004 0.0750422078125 0.4393526859375 0.047812625 0.4574386890625 0.042669228125 0.464527775 0.029525465625000004 0.461369078125 0.013130662500000001 0.44471155625 0.003732596875 0.43235294062499996 0 0.374466325 0
0 0.3049557375 0.47730815781249997 0.3285709859375 0.46728407968749996 0.3288952671875 0.46207911875 0.31288630781250004 0.44227113124999995 0.26320724375000004 0.4177528375 0.256766721875 0.42048667812499996 0.260056778125 0.44315986250000006 0.23261172187499998 0.497881746875 0.2462699859375 0.51829631875 0.26806593749999996 0.5271024546875 0.2849240484375 0.51368131875 0.3049557375 0.47730815781249997
0 0.2667243703125 0 0.18312558125 0.461880109375 0.17470185625 0.4893809171875 0.23472577656250002 0.51363215625 0.2307891640625 0.493588065625 0.32424915312499997 0 0.2667243703125 0
0 0.1115736546875 0.20974947031250002 0.0917964515625 0.21687756875000003 0.088645984375 0.24228459375 0.094245021875 0.2614440171875 0.14997053124999998 0.264393328125 0.1588821765625 0.2555432484375 0.1780806140625 0.2828651765625 0.1834477140625 0.280586978125 0.19062914375 0.2408006296875 0.185578090625 0.19607204218750002 0.1800796296875 0.1920718609375 0.15962308281249998 0.21849074218750003 0.1115736546875 0.20974947031250002
0 0.059101334375 0.37264054999999996 0.0552566703125 0.26604478593750003 0.013617025 0.3691065265625 0.0169790875 0.4256567828125 0.0657918265625 0.44537840937500006 0.059101334375 0.37264054999999996
0 0.8953126890625001 0.7805265921875 0.9364513375 0.7544786125 0.9704978296875 0.6702105890625 0.891212184375 0.707139871875 0.8196673703125 0.7499639 0.8953126890625001 0.7805265921875
0 1 0.41788391249999995 0.9715214921875001 0.3322738796875 0.9187485578125001 0.129918028125 0.8331638140625 0.095339546875 0.8447777249999999 0.14410928125 0.8639145984375001 0.189192934375 0.8896008046875 0.288503815625 0.9932476578125 0.6139027875 1 0.5971901546875 1 0.41788391249999995
0 0.7565850953125 0.628735090625 0.792664759375 0.6450908828124999 0.8118241828125001 0.6394918453125 0.8256780687499999 0.6184092828125001 0.8260639140625001 0.5954425984375 0.796092259375 0.5397561015625 0.7713953609375 0.5084339921875001 0.75564911875 0.50118276875 0.7420189374999999 0.5019011250000001 0.7191528296875 0.5166745234375 0.7134696796875 0.5659595125 0.69108999375 0.5729254703125 0.6520918015625 0.6034143281250001 0.5722576578125 0.6500038875 0.6634485875 0.686847415625 0.7490711546875 0.6319245718750001 0.7565850953125 0.628735090625
0 0.69715469375 0.148497453125 0.7426098750000001 0.1988784109375 0.7497462031250001 0.26045744375 0.745390959375 0.28004172656250004 0.7508586375 0.2929227703125 0.7465033953125 0.3125070515625 0.751895190625 0.435634334375 0.7615026421875 0.491097128125 0.7729244203125 0.5090517734375 0.7894115703125 0.47925049062499997 0.787619790625 0.4660759484375 0.8006239609374999 0.4250848234375 0.7949859109374999 0.37300443125 0.8027851203124999 0.331689028125 0.7982287218749999 0.32095482343750004 0.8045296531250001 0.270140775 0.799061975 0.25725973125 0.804946278125 0.2382932296875 0.8029225656250001 0.20368106406250003 0.841364540625 0.156959540625 0.8415574625 0.14547620156250002 0.8297806234375 0.141607378125 0.741134146875 0.1386970796875 0.69715469375 0.148497453125
0 0.7235818093749999 0.2107558296875 0.72809919375 0.1885690640625 0.5756471578125 0.1220904859375 0.5561067578125 0.170454675 0.7006849203125001 0.2344100890625 0.7235818093749999 0.2107558296875