0 0.353125 0.61484375 0.059375 0.0625
0 0.56171875 0.99140625 0.0359375 0.0171875
0 0.65703125 0.85390625 0.0375 0.0390625
0 0.740625 0.7515625 0.05 0.05
0 0.4828125 0.8671875 0.0453125 0.0484375
0 0.7421875 0.8390625 0.046875 0.05
0 0.409375 0.82734375 0.0421875 0.0453125
0 0.3703125 0.81953125 0.0390625 0.0421875
0 0.7078125 0.84609375 0.046875 0.05
0 0.309375 0.79453125 0.0484375 0.0546875
0 1 0.36097052343749997 0.9624141749999999 0.366809059375 0.954358325 0.46600571874999996 1 0.541948121875 1 0.36097052343749997
0 0.70115100625 0.2381360546875 0.8407258499999999 0.45306246874999995 0.8411064046875 0.45281533281249997 0.88550909375 0.322786671875 0.9567647703125 0.327109303125 0.975854428125 0.3147123328125 0.8593907359375 0.1353739734375 0.70115100625 0.2381360546875
0 0.183647678125 0.32729012343749997 0.1882368578125 0.3434138328125 0.18964491875 0.358586965625 0.1873811640625 0.3620680078125 0.18893380937499998 0.3691034796875 0.18716429375000002 0.37427450156250003 0.1885988109375 0.382057 0.186310959375 0.3868943171875 0.187863603125 0.393929790625 0.18536360000000002 0.39890488125 0.18762263437499999 0.40749256093749997 0.1857831875 0.4106980546875 0.18820618125 0.421860515625 0.18792055624999998 0.4290843015625 0.1903218125 0.43556867656250003 0.1918262640625 0.44531670312499994 0.1944878671875 0.44895075156250003 0.197244678125 0.450176871875 0.20085128124999999 0.447834715625 0.2017721828125 0.4432147890625 0.20629733125 0.4422870671875 0.2070542765625 0.435092359375 0.210166640625 0.431060221875 0.2088261515625 0.423886975 0.2115383078125 0.418774109375 0.20937330156249997 0.41079568125000004 0.21248566875 0.4067635453125 0.2103447578125 0.397428840625 0.21260851249999999 0.39394779999999996 0.211149896875 0.3875215796875 0.21284948125 0.38038502812499997 0.21115697656250002 0.3694184984375 0.21723948750000002 0.363457528125 0.22624158749999998 0.36431463750000004 0.22881152187499998 0.36130507343749996 0.2267417234375 0.35091871874999997 0.2228312984375 0.346755034375 0.21929698593750002 0.345028359375 0.21668357500000002 0.33868175625 0.2103237015625 0.33074625156250004 0.189474559375 0.312110759375 0.186929903125 0.3107468671875 0.18292308906250002 0.31200829375 0.173452028125 0.3050877453125 0.174816615625 0.3109047140625 0.183647678125 0.32729012343749997
0 0.272033309375 0.23905736875 0.2768622796875 0.244635484375 0.2865936875 0.2487057046875 0.29227126875 0.253732725 0.2965842640625 0.25294277656249997 0.3038409453125 0.25761463125 0.307235396875 0.2554102484375 0.31347950468749997 0.25805841875 0.3168739546875 0.2558540359375 0.32342424687500004 0.258973684375 0.327124878125 0.25724078125 0.33306280625 0.259417471875 0.3371877453125 0.257409021875 0.3432197015625 0.260194965625 0.3482631828125 0.2596009453125 0.3621171703125 0.26769707343750004 0.376699284375 0.2820234921875 0.38018776249999997 0.28042836250000003 0.38122796875 0.27204422968749997 0.364698903125 0.2345157109375 0.35516145 0.21657809218750002 0.348330253125 0.20861350937499998 0.3457362234375 0.21297934999999998 0.343658165625 0.22371325468749997 0.33781190625 0.228180175 0.3312833515625 0.2297386109375 0.32671236875 0.22734452656249998 0.3228936140625 0.22982445624999998 0.3199716640625 0.22904073593750002 0.31594311249999996 0.22562408125000002 0.313373178125 0.22863364375 0.306610734375 0.22565176875 0.30121287812499997 0.22848686406250002 0.29789071875 0.2266224140625 0.2926109859375 0.228710484375 0.2878278515625 0.22645417499999998 0.282169646875 0.2321395984375 0.2777867234375 0.23096401875 0.27613651093749997 0.2323708359375 0.27118587656250004 0.236591284375 0.272033309375 0.23905736875
0 0.45883726874999997 0.20019410781250002 0.4625572765625 0.20917364843750003 0.465307009375 0.22850284843750002 0.466194378125 0.24937664062499998 0.46812313281250006 0.25884911875 0.46732035468750005 0.26272201875 0.4698614734375 0.2731374546875 0.46929376562499997 0.278533484375 0.4725195359375 0.2858230421875 0.4731295390625 0.29280035781249997 0.47901455468750004 0.309758325 0.48245365781249994 0.31389292968750004 0.486320609375 0.3087004453125 0.48917734843750005 0.2954499171875 0.48781276093750003 0.28963294687499996 0.4890398453125 0.2854844984375 0.48732324218749995 0.275874246875 0.48791386875000003 0.27213911875 0.48250843125 0.23408996875 0.4837596140625 0.2285852421875 0.48253724687500005 0.22066497031250001 0.492390321875 0.214936625 0.49178031874999995 0.2079593078125 0.49581240937500004 0.20232442499999997 0.4937872671875 0.19827705625 0.48426919062499996 0.19105188281250002 0.45246273593749997 0.16947743906249998 0.4473034875 0.16478412343749999 0.44581841562499996 0.165748540625 0.444588971875 0.1759313515625 0.45883726874999997 0.20019410781250002