0 0.56953125 0.92265625 0.0546875 0.0546875
0 0.725 0.7109375 0.078125 0.078125
0 0.69140625 0.81328125 0.0515625 0.0515625
0 0.66796875 0.86171875 0.05625 0.05625
0 0.59375 0.865625 0.0875 0.0875
0 0.57421875 0.74765625 0.075 0.075
0 0.4453125 0.8 0.090625 0.090625
0 0.38203125 0.6546875 0.0578125 0.059375
0 0.32734375 0.78125 0.0546875 0.0546875
0 0.29921875 0.7875 0.0578125 0.0578125
0 1 0.5426758203125 0.9957033078125 0.5407773859375 0.9915007671874999 0.5433498015625 0.9912882890624999 0.5487557484375001 0.9890032796874999 0.552448290625 0.9833157124999999 0.5534829140624999 0.976898109375 0.5496502796875 0.9698442328124999 0.542345778125 0.96219036875 0.538964021875 0.9572453140625001 0.5407675421875 0.9560166000000001 0.5516126531250001 0.9515040499999999 0.552998509375 0.9427364140625001 0.5484634125000001 0.932002484375 0.539511934375 0.9267311609375 0.53903014375 0.9216999015624999 0.5498325046875 0.91138976875 0.5497588453125 0.9013371031249999 0.5423783734375001 0.896282034375 0.5416877515625 0.8931932640625 0.5454135109375 0.891160790625 0.5562918375 0.88098940625 0.5557127046875 0.8693942437500001 0.5527936687499999 0.8654090906249999 0.5582310765625 0.89079245 0.584516315625 0.8926809515624999 0.5849139546875 0.899237303125 0.58824111875 0.9054874203125 0.5955788375 0.913631259375 0.5925437015624999 0.9355078203125 0.598536009375 0.9467842703124999 0.6095639640625 0.9480817796875 0.6083109734375001 0.946964234375 0.6019605140625 0.9527130500000001 0.6001237781250001 0.9676007546875001 0.6032065875 0.9807297125 0.6109596640625 0.9836922156250001 0.6036410156249999 0.9957486171875001 0.6031427703125 1 0.6044135765624999 1 0.5426758203125
0 0 0.5584685859375 0.033989518749999996 0.5910368296875 0.08890591406250001 0.5525938312500001 0.143655871875 0.579962734375 0.17309379687499998 0.5004728375 0.14032519375000002 0.4518767875 0.32714820625 0.278758475 0.3418764171875 0.23535730937500002 0.31637945 0.20162284375 0.2725277046875 0.2002025359375 0.092994821875 0.38087 0.0710504546875 0.3874722796875 0.027272681250000003 0.356802234375 0.00162776875 0.3815672390625 0 0.3806083828125 0 0.5584685859375
0 0.607257759375 0.06575925625 0.585615896875 0.058775825000000004 0.5826685875 0.0727751015625 0.5780294109375 0.0744668296875 0.5587071359375 0.0666375328125 0.55454261875 0.08181225625 0.548801059375 0.08317440312499999 0.49800737812499996 0.07158033750000001 0.45372842812499997 0.046027315624999995 0.4400405546875 0.048092445312499996 0.4371774484375 0.0585250671875 0.4433094609375 0.0742125734375 0.49546593593750005 0.15907692812500002 0.5066734890625 0.17474252343750002 0.535235884375 0.20431975000000002 0.5502940921875 0.21138732968750001 0.5565562125 0.20812834218749998 0.556992509375 0.17285359218750002 0.5780218671874999 0.13860440937500002 0.5811529296875 0.136974915625 0.5920619 0.141775753125 0.5924599640625 0.13163238593749998 0.6029555265625001 0.1270734875 0.6244825609375 0.135561946875 0.6207620125 0.12521347031250002 0.6365933953125 0.11968424062500001 0.64155410625 0.121167353125 0.6490717328125 0.1285461015625 0.6502276921875 0.12324739375 0.6465071421874999 0.11289891875 0.6561912328124999 0.10912364999999999 0.6645739109375 0.11009048125000001 0.676906796875 0.11839573750000001 0.675505834375 0.10720139687500001 0.6916281265625 0.1027853765625 0.706716959375 0.1119145859375 0.7021236875 0.0982264765625 0.7176641640625 0.091584034375 0.7248602578125001 0.09578794375 0.726069796875 0.0848609484375 0.7430571359375 0.0740330109375 0.756530634375 0.057536465625 0.748783346875 0.053167767187500006 0.7281902859375 0.052142201562500004 0.7094498265625 0.046539328125 0.70144993125 0.052870600000000004 0.6958232046874999 0.052727720312500004 0.6775420578125 0.04110474375 0.6685010328125001 0.051229693750000006 0.6624685703125001 0.0514786296875 0.6438429375 0.0443707296875 0.6385760421875 0.059215871875000006 0.6305990984375 0.057857226562499996 0.62021069375 0.0511595515625 0.6136270374999999 0.051243696875 0.6125935796875 0.064788925 0.607257759375 0.06575925625