0 0.10859375 0.5984375 0.0203125 0.025
0 0.15234375 0.70703125 0.0203125 0.0234375
0 0.18515625 0.6703125 0.0109375 0.0140625
0 0.1765625 0.6734375 0.0140625 0.015625
0 0.171875 0.6015625 0.015625 0.015625
0 0.1625 0.62890625 0.0140625 0.01875
0 0.03515625 0.85390625 0.0109375 0.0140625
0 0.059375 0.75625 0.01875 0.0265625
0 0.09375 0.778125 0.0140625 0.0171875
0 0.11328125 0.784375 0.015625 0.01875
0 0.15234375 0.7765625 0.015625 0.015625
0 0.13203125 0.76484375 0.0203125 0.025
0 0.109375 0.72734375 0.021875 0.01875
0 0.13515625 0.65546875 0.0140625 0.0171875
0 1 0.638924078125 0.89168796875 0.5808028796875 0.5314277859375001 0.49799181875 0.5208179484375 0.4563978875 0.3486118296875 0.465422828125 0.368880253125 0.8521673921874999 0.401070428125 0.8330097515625001 0.49159254687500004 0.7080848296875 0.5306442328125 0.747639284375 0.584994059375 0.7263015687500001 0.6102167078125 0.7665807703125 0.6555887593749999 0.7503359015625 0.6803282390625001 0.7813957453125 0.7349196484375 0.7646677078125 0.75504945 0.795969134375 0.8052727640624999 0.7840923609375 0.8297706625 0.810542525 0.8843620718749999 0.7938144890625 0.90400870625 0.81589655625 0.9535072703124999 0.7901907421875001 0.9731539046875 0.812272809375 1 0.7970437578125 1 0.638924078125
0 0.28917218125 0.021265729687500002 0.2814455953125 0.028894104687499998 0.278790375 0.04122281875 0.3010798734375 0.07888068125 0.31458257968750003 0.12331955312500001 0.3163506484375 0.13767377812499998 0.3140194703125 0.1513399046875 0.3179897390625 0.15925820625 0.319440065625 0.1772408046875 0.3188517703125 0.1853980078125 0.314211415625 0.193767571875 0.32044366874999997 0.20608197968750003 0.321245915625 0.2213897515625 0.3160172671875 0.2379165203125 0.321459865625 0.24485472812500003 0.3234167 0.262810784375 0.322416278125 0.2727954453125 0.3182352421875 0.2802380078125 0.32442030312500003 0.29165195625 0.325681865625 0.30603272812500004 0.3247286359375 0.31691784843750004 0.3205004078125 0.32345995312500003 0.3278872484375 0.33842264375000003 0.33058654375 0.3608544375 0.32884365937500004 0.36636335781249996 0.33401570625 0.3778303984375 0.3428780609375 0.430638834375 0.34705603749999997 0.4357365421875 0.3251527296875 0.0177965234375 0.300403425 0.01751686875 0.28917218125 0.021265729687500002
0 0.486907046875 0 0.4584046953125 0.0014937453125 0.4569155109375 0.011863475 0.44996091875 0.014024153125 0.44267775625 0.0099153390625 0.432352609375 0.0248260875 0.40346751875000003 0.022747484374999998 0.38032145 0.0055859140625 0.36733133125 0.006266696875 0.36390941875 0.014492464062499998 0.364613496875 0.027927092187500002 0.382465521875 0.09883965624999999 0.40227159375 0.158872590625 0.41130626562500006 0.1723196828125 0.41926778125 0.170106234375 0.4307766625 0.11516791562499999 0.4409545625 0.0926310171875 0.45749614843749997 0.07110776875 0.46651152500000004 0.069737190625 0.470867790625 0.07579560156250001 0.47455405468749995 0.05943657812499999 0.4847043109375 0.050821709375 0.4942829515625 0.060198834374999996 0.4939948890625 0.049885759375 0.49600230468750006 0.0448409953125 0.5062464375 0.0380174109375 0.5136704140624999 0.0448131515625 0.5157119078125 0.0307855828125 0.5240296390625 0.0209196 0.5285138578125 0.019786490625 0.5329170640625 0.0267405421875 0.5364412984375 0.026555843750000002 0.5376166812500001 0.015267971875 0.540584084375 0.0092747953125 0.547350921875 0.0035315484374999996 0.5559567140625 0.003978640625 0.557034303125 0 0.486907046875 0