0 0.710010759375 0.60259070625 0.7196964765625 0.587636846875 0.7223683640624999 0.5571300359375 0.6719496328125001 0.5461467390625 0.700916134375 0.6029966984375 0.710010759375 0.60259070625
0 1 0.4403948875 0.9566377796875001 0.337929371875 0.9031449921875 0.36518530781249997 1 0.5859131390625001 1 0.4403948875
0 0.4758300421875 1 0.49269725624999994 0.9914057250000001 0.4951797953125 0.9837652468750001 0.44046720156249997 0.947887109375 0.4351990625 0.92324753125 0.42420144375 0.908813625 0.4262742359375 0.8950063625 0.4153041671875 0.8842015984374999 0.41811380624999994 0.8718404828124999 0.40040190156250005 0.833503846875 0.40321154375 0.8211427312499999 0.392978321875 0.8117841109375 0.394286715625 0.7929015640625 0.38479034218749997 0.7849890875 0.38686313437500003 0.771181828125 0.35948955625 0.7031578781250001 0.3484919359375 0.688723971875 0.3266619984375 0.681630996875 0.3087918046875 0.7180601421875 0.34670165937499997 0.8353632484375 0.3453657140625 0.8506166546875 0.3556264859375 0.8636044140625 0.354999840625 0.8766748265625001 0.37271174375 0.9150114625000001 0.3706114015625 0.9251895843750001 0.39342614062500003 0.9663909593750001 0.3881339578125 0.9863925531250001 0.3750910953125 0.9893950468750001 0.37006629062499996 1 0.4758300421875 1
0 0.199373625 0.7428444843750001 0.19364414218749998 0.7530501562499999 0.195637790625 0.7766257875 0.1601143015625 0.8302468859375001 0.1735944625 0.8370403124999999 0.254826575 0.828439078125 0.29613815468750004 0.8201408984375 0.30369598125 0.8117360203124999 0.2540035703125 0.7678352046875 0.24944472968750003 0.7410126328125 0.253728065625 0.7315438109375 0.2463871359375 0.72071149375 0.252825915625 0.708322828125 0.2465003046875 0.6997624874999999 0.1916597484375 0.727705146875 0.199373625 0.7428444843750001
0 0.6430413078125 0.9075152515625 0.6618136515625 0.8943070859375 0.670025675 0.8764609374999999 0.647892684375 0.829447428125 0.5486937015625 0.6705091515625 0.48361530625000004 0.5789463609375 0.41699899843750005 0.6128890640625 0.5388531984375 0.8084991015625 0.5835805234375 0.8676808734374999 0.6068841593750001 0.8776661421874999 0.6281976515625 0.9123460874999999 0.6430413078125 0.9075152515625
0 0.75684250625 0.7429677140625001 0.7538124625 0.7262957125 0.7583474390625 0.7157119796875 0.7342611046874999 0.6684398859375 0.7088166453125 0.7273631640625 0.6977433859375 0.7985824609375001 0.6772288546875 0.8691475578125001 0.6754040140625001 0.9156170734375 0.6696469828125 0.922193603125 0.6728147765625 0.9570113015624999 0.6574764609375 0.9809248546875 0.73081085 0.9435591171875 0.729214459375 0.928274228125 0.7439444078124999 0.8606565234374999 0.73944066875 0.84109223125 0.7522080265625 0.8017983453124999 0.7455763937500001 0.7887830328125001 0.7534062203125 0.768399240625 0.74898513125 0.759722365625 0.75684250625 0.7429677140625001
0 0.67188984375 0.0522800625 0.6626033703124999 0.056283671874999996 0.6387267624999999 0.069759965625 0.6236980078125 0.080912309375 0.613246096875 0.09279059843750001 0.614060753125 0.098200196875 0.6232620296875 0.0965698734375 0.63946385625 0.08962518750000001 0.649625209375 0.098135734375 0.6673235562500001 0.10746573906250001 0.684367653125 0.1104307140625 0.6931303093750001 0.11048004843749999 0.6994892390625 0.1089874203125 0.7023089671875 0.10245409531250001 0.6977571015625 0.0922503078125 0.675657303125 0.07555221875 0.670506415625 0.067983525 0.6771409171875 0.051788765625 0.67188984375 0.0522800625
0 0 0.5179482609375 0.00970671875 0.5161298640624999 0.01884844375 0.5251338375 0.035902643750000005 0.5246414374999999 0.05342169375 0.537574096875 0.0710784984375 0.5686524546875 0.0830298625 0.5652953125 0.10365108906250001 0.46097646406250004 0.05120764375 0.48496534999999996 0 0.4715482609375 0 0.5179482609375
0 0.43313838125000004 0.45339409374999995 0.4388403125 0.4395592828125 0.42144498906249994 0.25169108125 0.45740577968749996 0.2078659046875 0.406215628125 0.20571396718749999 0.3413284171875 0.21600579375 0.339200525 0.2225547765625 0.37718602031250004 0.2542046796875 0.39378939218750003 0.43336845625000003 0.419362178125 0.50322075 0.436850171875 0.46425396093750004 0.43313838125000004 0.45339409374999995
0 0 0.21765596562499998 0.1535944609375 0.20327650468749997 0.1699669140625 0.20859623749999998 0.1798730375 0.2226754953125 0.20374821718749997 0.212332071875 0.209667046875 0.17926006875 0.1970304265625 0.140159034375 0.18210411875000002 0.134102453125 0.16701601562499999 0.15454134375 0.070859053125 0.1574951140625 0 0.19359960625 0 0.21765596562499998
0 0.2498530625 0.45297081875 0.0830298625 0.5652953125 0.0040148843750000005 0.627919034375 0.030637153125 0.680168178125 0.2769786890625 0.4883325125 0.2966256328125 0.494716190625 0.3103777921875 0.48953070312499997 0.3156975234375 0.47315825 0.307564646875 0.4536215078125 0.2812309703125 0.426964240625 0.25942858125 0.4235004015625 0.2498530625 0.45297081875