0 0.87657659375 0.3230026625 0.8723630453125001 0.3667025859375 0.9093113875000001 0.3681285140625 0.9882338562499999 0.299522259375 0.94597283125 0.25090651249999996 0.9280833234375001 0.265243525 0.87657659375 0.3230026625
0 0.7554978218749999 0.7740621234375 0.7426070546875 0.7928424921875 0.7477231343749999 0.8024622546875 0.80712566875 0.797354071875 0.8074586140625 0.7971458046875 0.7449962796875 0.725291109375 0.7457490484375 0.7479098843750001 0.7554978218749999 0.7740621234375
0 0.6669385 0.980895759375 0.69681300625 0.9841425390625 0.7063522046874999 0.9801785796875 0.7145539375000001 0.9622280734374999 0.74106906875 0.72077336875 0.6905333828125 0.6626387125 0.659598746875 0.96996275 0.6669385 0.980895759375
0 0.5237918921875 1 0.42006189687499995 0.6371464921875 0.42094810000000005 0.6244731953125 0.43466873125000005 0.6103818624999999 0.43432225156250004 0.598780115625 0.42146360312500003 0.58398793125 0.41004675468749996 0.5824693984375 0.345490584375 0.638587221875 0.34584295468750004 0.638903109375 0.3655095265625 0.639120578125 0.37268814843750003 0.652357825 0.441292375 0.9130182203125001 0.46748164687499993 1 0.5237918921875 1
0 0.30190485625 1 0.31431769374999996 0.907612540625 0.33093072968750004 0.9018277265625001 0.341356134375 0.8851904671874999 0.3311239765625 0.8659509390625001 0.31531657812499997 0.8602145703125 0.2588627921875 0.8562669375 0.2443122984375 0.8656692328125001 0.2405579125 0.88624623125 0.25941884375 0.89798488125 0.25976532343750003 0.909586625 0.2500750359375 0.974620759375 0.272136871875 1 0.30190485625 1
0 0.285538428125 0.7562501312500001 0.24931515937499998 0.744455140625 0.22783510156250003 0.7408635718750001 0.197348525 0.7673651484375 0.1989926625 0.7687222890625 0.20354479531249997 0.78640688125 0.19595545781249998 0.8287129953125 0.1883982375 0.83744655625 0.1908072609375 0.8526657828124999 0.18432159374999998 0.8626320265625 0.1797341703125 0.89370285 0.22059865312500002 0.9407120609374999 0.2269662890625 0.9316058796875 0.22455726718750002 0.9163866515624999 0.23088180625 0.90872464375 0.229705465625 0.8924338640625 0.252280234375 0.8013923125 0.286311946875 0.778301503125 0.2941108609375 0.7661115875 0.285538428125 0.7562501312500001
0 0.7172401125000001 0.3154302859375 0.3610428265625 0.2836031859375 0.41210854374999994 0.3423475734375 0.6594747078125 0.3656449859375 0.7172401125000001 0.3154302859375
0 0.4845963203125 0 0.5155055187500001 0.272052025 0.5234334390625001 0.2911304265625 0.54762791875 0.29282227031249997 0.5654736406249999 0.28596590312500003 0.5683981640625 0.26069986875 0.5405642578125 0 0.4845963203125 0
0 0.4600585125 0.170923653125 0.41458618124999996 0.192056703125 0.3912457875 0.2112641140625 0.388458165625 0.21801569375000002 0.41117827343749996 0.2242354453125 0.42189381406250004 0.236562265625 0.4457339203125 0.276435134375 0.48766933281249997 0.256212509375 0.485179746875 0.24214540156250003 0.454910315625 0.1948764421875 0.4600585125 0.170923653125
0 0 0.525610909375 0.433504653125 0.5252057125 0.45258305468750004 0.517277790625 0.4557734953125 0.5047656203125 0.453259684375 0.4744882953125 0.437532853125 0.46759980937499995 0.16911355781249998 0.465038628125 0 0.46932392656250005 0 0.525610909375
0 0.4115550734375 0.341710878125 0.3811274 0.30670784375000004 0.369339878125 0.3169545796875 0.3588902515625 0.3173816234375 0.355941503125 0.326437440625 0.293396975 0.3764782296875 0.2840189015625 0.378137953125 0.2564165125 0.4086248546875 0.2433403953125 0.41349924062500004 0.227420315625 0.4424875453125 0.22621185625 0.459769315625 0.23888515625 0.46065551875 0.28197268593749997 0.44051345937499997 0.3586648859375 0.3868309640625 0.37254664531250004 0.3704353984375 0.40379073906249996 0.35409617031249996 0.4067394859375 0.34504035312500003 0.4115550734375 0.341710878125
0 0.24752972031249998 0.3535891 0.24321138437499998 0.382230925 0.2608154125 0.378830909375 0.29977785468749996 0.3514538875 0.3631800125 0.28606173749999997 0.3314653875 0.249578234375 0.2696132109375 0.31924302656250003 0.24752972031249998 0.3535891
0 0.15824585625 0.7363503265625 0.16521490625 0.719471375 0.2029441296875 0.527607378125 0.1661569140625 0.523877215625 0.1505348671875 0.5320468265625 0.11025971718750001 0.72720605 0.12113638593750001 0.7372286359375 0.1464024203125 0.7401531609374999 0.15824585625 0.7363503265625
0 0.2036771 0.46745554531250005 0.2183081578125 0.4569011328125 0.2388446046875 0.3784523140625 0.2754136484375 0.185098084375 0.21336220312499998 0.11371606249999999 0.2131910046875 0.1161643125 0.22993305 0.141647815625 0.1664386203125 0.4370655375 0.1647467765625 0.4612600171875 0.1734803375 0.4688172375 0.2036771 0.46745554531250005