0 0.30986719687500003 0.1930813171875 0.254420071875 0.17013681249999998 0.2185275484375 0.180428828125 0.22219626875 0.210702415625 0.24140215468749998 0.22524358125 0.353284053125 0.265837296875 0.483826490625 0.326238128125 0.5119029078125 0.27558693125 0.48696098593750003 0.2600846484375 0.4715772828125 0.26324283125000003 0.46378780468749997 0.24918712968749998 0.45369939531250003 0.2533329578125 0.438298978125 0.23895361249999997 0.4260567453125 0.23995797031250002 0.41446179687500007 0.2257404484375 0.40123191875 0.2320401 0.39046279375 0.21633275312500003 0.3780587375 0.22114258125 0.361168496875 0.20593741250000003 0.3457847921875 0.20909559687499998 0.33716949375 0.1965297171875 0.30986719687500003 0.1930813171875
0 0.08328594375000001 0.2204393890625 0.2272682 0.3245261734375 0.2928204484375 0.360862378125 0.41808635625 0.44483646875 0.4567708453125 0.375047803125 0.2212086234375 0.21599771093750003 0.1200624234375 0.15603628593750002 0.1188646328125 0.1562537328125 0.08328594375000001 0.2204393890625
0 0.183677909375 0.5662394515625 0.1893054203125 0.4193643625 0.1846574125 0.4031548359375 0.235099459375 0.382425696875 0.242855509375 0.3614063421875 0.22843438124999998 0.3329629375 0.1690199625 0.31366208125 0.114917553125 0.3128864 0.065633328125 0.3332835390625 0.082361746875 0.3522941765625 0.0726136953125 0.36636659374999997 0.0739500546875 0.37976665 0.1113658296875 0.405375515625 0.1076679796875 0.524106459375 0.183677909375 0.5662394515625
0 0.7390625 0.334375 0.084375 0.0953125
0 0.5890625 0.3203125 0.1015625 0.115625
0 0.7984375 0.56875 0.0984375 0.1046875
0 0.4171875 0.634375 0.0890625 0.096875
0 0.19140625 0.6296875 0.025 0.0265625
0 0.071875 0.5109375 0.0203125 0.0171875
0 0.03671875 0.596875 0.025 0.0265625
0 0.05390625 0.81171875 0.0265625 0.028125
0 0.0453125 0.78671875 0.025 0.0265625
0 0.040625 0.7609375 0.0265625 0.0296875
0 0.0296875 0.734375 0.025 0.028125
0 0.27265625 0.65625 0.0328125 0.0390625
0 0.24765625 0.675 0.034375 0.0375