0 0.6180678171875 0 0.45087808125000006 0.27446848125 0.44541442499999995 0.2960588625 0.47062365625 0.3201398921875 0.48063916406249996 0.32432743125 0.6848493 0.021573453125 0.6528653421875 0 0.6180678171875 0
0 0.8428647234375 0.135005909375 0.60570548125 0.49279934843750006 0.6629363125000001 0.5314020312500001 0.8946402593749999 0.1901494796875 0.9111893328124999 0.18210246562500002 0.9321221703125 0.188361109375 0.8311924359375 0.12028314531249999 0.8428647234375 0.135005909375
0 0.013240182812500001 0.40497075000000005 0.029691173437500003 0.41505605624999997 0.2195737609375 0.5097696 0.3264076421875 0.5529850656249999 0.370843228125 0.4871066 0.21356772031250001 0.41674813437499997 0.054518810937499995 0.337777034375 0.0342854984375 0.3392948921875 0.014049496875000001 0.3842850828125 0.013240182812500001 0.40497075000000005
0 0.13405155468750002 0.504657528125 0.10761334687499999 0.492890890625 0.0910642734375 0.50093790625 0.07700315937499999 0.5217843656250001 0.0623589109375 0.564480078125 0.06798066875 0.5996138265625001 0.0848840140625 0.6120263031250001 0.09884704062500001 0.6093121671875 0.126159953125 0.58830491875 0.20415020625000002 0.610579209375 0.2426439328125 0.62845534375 0.2592257 0.6143642203125 0.2658856375 0.5865035546875 0.2638500359375 0.5760312828124999 0.251342159375 0.5675946140625 0.1464286484375 0.5372706234375 0.13405155468750002 0.504657528125
0 0 0.765854715625 0.1026550390625 0.8350964140625001 0.1346485796875 0.7810704953125 0.1210425078125 0.760771790625 0.10992439843749999 0.75327253125 0.09806236093750001 0.754370728125 0.082578790625 0.780323884375 0.05992022031250001 0.8004264171875001 0.058143490625 0.785073625 0.0461206671875 0.772920021875 0 0.7428819109375 0 0.765854715625
0 0.47495615 0.406667778125 0.4658082515625 0.421729003125 0.47864038906250006 0.413196934375 0.48419944531250003 0.416946565625 0.476700184375 0.428064678125 0.46205862187499996 0.4272880578125 0.46209131875000004 0.42124395156250005 0.44179261406250003 0.434850021875 0.44537876875000004 0.45951149999999996 0.5264401140625 0.4727359765625 0.552265178125 0.46892364375 0.55895278125 0.4612642546875 0.47489983125 0.40456982343750003 0.47495615 0.406667778125
0 0.3368629828125 0.665360025 0.3470436875 0.67424905 0.42904244062499997 0.6860837640625 0.45625726875000006 0.6832088374999999 0.46094430624999994 0.6762600171875001 0.4431362484375 0.6591931984375 0.43382756406249995 0.6610026234374999 0.42119159531249994 0.6332700499999999 0.432118909375 0.5900892843750001 0.430958009375 0.54684313125 0.4405936453125 0.48459263750000003 0.43697479531249994 0.46597526718750004 0.442599240625 0.457636684375 0.4428281046875 0.4153279375 0.4352007515625 0.4071501421875 0.43259976250000004 0.39554877187500004 0.392874675 0.45444363593750003 0.39469874374999997 0.459702296875 0.3853573625 0.4675558265625 0.39272584374999997 0.48061414375 0.38241436093750003 0.495901546875 0.3883930765625 0.5080224546875 0.37995640937499997 0.520530328125 0.38638748125 0.5349784078125001 0.37749845937500004 0.5451591125 0.383477175 0.557280021875 0.3750405078125 0.5697878953125 0.3814715796875 0.584235975 0.3799510359375 0.6074749953125 0.366761940625 0.639019903125 0.3368629828125 0.665360025
0 0.3737461421875 0.5941905000000001 0.3561315671875 0.584331375 0.3483799265625 0.520409815625 0.3034832625 0.58697185625 0.30380290468750004 0.5884652828125 0.3012504109375 0.5902821953124999 0.286013875 0.6128712890625 0.2887716890625 0.6167456125 0.32897944375 0.6185904203125 0.373939625 0.6013981937499999 0.3737461421875 0.5941905000000001
0 0.45353775937499996 0.756190475 0.45069284062500004 0.7664038718749999 0.46523363125 0.82878514375 0.44658356406250005 0.8384481015624999 0.44978275312499993 0.8486941937499999 0.4979094296875 0.8477921687500001 0.533075875 0.8361263015624999 0.5148154593750001 0.8167323124999999 0.5085805578125 0.7660195937500001 0.4923884421875 0.7510537671875 0.45353775937499996 0.756190475
0 0.5711253046875 0.7212582671875001 0.51149355 0.7002456484375 0.49410246874999997 0.735022440625 0.497947496875 0.7548033968750001 0.5102291937500001 0.7620764796875 0.545749909375 0.7708701062500001 0.5623616874999999 0.794207209375 0.5714114984374999 0.7972783046874999 0.59439433125 0.7602070375000001 0.603220653125 0.718642215625 0.5711253046875 0.7212582671875001
0 0.381721715625 1 0.18750921874999998 0.7589104484375 0.15341027812500002 0.8094642046875 0.2588305203125 0.94043810625 0.347134659375 1 0.381721715625 1