0 0.47463286875 1 0.4923283953125 0.9708643890624999 0.5062598390625 0.9106191499999999 0.49276631875000004 0.90793386875 0.47641917031250003 0.916334653125 0.46779942500000005 0.931452765625 0.45464259531250006 0.9335823937500001 0.45324521406249996 0.9481954703125 0.4404250765625 0.9551400078125001 0.4399789046875 0.9660577281249999 0.42620755624999995 0.9766976218750001 0.42704928437499995 0.988734896875 0.4119900375 0.9982552359374999 0.4117662203125 1 0.47463286875 1
0 0.7579483625 0.8772944 0.7434194609375 0.877100746875 0.735582578125 0.8861160484375 0.7385286265625 0.928246509375 0.7462560296875 0.9349638375 0.7809650703125001 0.938913203125 0.827787771875 0.8850498453125001 0.7579483625 0.8772944
0 0.6689820109375 0.8677905593749999 0.6164641734375 0.8605764421875 0.386181975 0.8367620984374999 0.33786453125000004 0.8377215578125 0.33248571875 0.8126958 0.3210629625 0.8050272625 0.29774596875000003 0.817544265625 0.2882927421875 0.872637903125 0.29101158125 0.8942208265625 0.2964998734375 0.9035139546875 0.306298040625 0.9052480265625 0.3217781515625 0.9017463250000001 0.3303137234375 0.8854244843749999 0.6585775765624999 0.9265795515624999 0.67517724375 0.9217899484375 0.679201040625 0.8755432687500001 0.6689820109375 0.8677905593749999
0 0.727863128125 1 0.735859140625 0.9908016390625001 0.7396304109375 0.7621361921875 0.687974578125 0.7172324609375 0.6851107578125 0.717880275 0.6811375749999999 0.7302542421875 0.676571646875 1 0.727863128125 1
0 0 0.6879374125 0.0311970296875 0.6637954484375 0.0497094859375 0.6477015296874999 0.060374078124999994 0.63283220625 0.056198440625 0.6285318265625001 0.01989010625 0.6278149171875 0.0053742109375 0.6098320171875 0.007292184375000001 0.5980882234375 0 0.58933943125 0 0.6879374125
0 0.551781175 0.526627003125 0.537866790625 0.517923084375 0.51885966875 0.5228810328125 0.4963002296875 0.5462315828125 0.49798747656250003 0.5520791921875 0.8507023921875 0.8586895906249999 0.866520290625 0.8404931812499999 0.551781175 0.526627003125
0 1 0.2853949328125 0.7454300125 0.441718565625 0.74170935 0.45770371406250004 0.7512296890625 0.47276296249999994 0.765733284375 0.48989297187499997 0.7825012953125 0.48751082500000004 1 0.3522674078125 1 0.2853949328125
0 0.193503303125 0.28739513906249997 0.4535908578125 0.2283946140625 0.49205127187500003 0.20756099843750003 0.4969167984375 0.17335159218750001 0.49299423124999997 0.15185284375000002 0.4352153125 0.1558931390625 0.271567240625 0.185480728125 0.11707641093750001 0.22095825468750002 0.193503303125 0.28739513906249997
0 0.3388977546875 0 0.32411919375 0.054796528125 0.3321579796875 0.0832651234375 0.3513081390625 0.0976509890625 0.36936405156249996 0.096388396875 0.3848694703125 0.07595033749999999 0.3932955640625 0.075361128125 0.5052757765625 0.10260949687500001 0.519299640625 0.0955807859375 0.5344095046875 0.0521877328125 0.5240221296875001 0.042027567187499996 0.4070586609375 0.0127084328125 0.403174609375 0 0.3388977546875 0
0 0.63004115625 0 0.4293055953125 0.31355613125000004 0.40657781093749995 0.33449922656250003 0.374270821875 0.322242990625 0.3584287109375 0.337866140625 0.352973975 0.36364945312499997 0.3834374109375 0.40143648593750003 0.4368558421875 0.4388279625 0.4641795734375 0.449013434375 0.48928950625 0.44483835000000005 0.5016046078125 0.43067144687500003 0.506276478125 0.41099094375 0.48387713750000005 0.38473615 0.49078811875 0.3624798453125 0.6032992375 0.2070394640625 0.720465459375 0.029141203124999997 0.6869423390625 0 0.63004115625 0
0 0.6175756203125 0.2036219359375 0.5254943125 0.3225549359375 0.4970592734375 0.3656701625 0.49143619374999997 0.3890460234375 0.5242579125 0.412553328125 0.798548671875 0.0970179046875 0.7469941812500001 0.05220226875 0.6175756203125 0.2036219359375