0 0.44388426562500005 0.7805082484375 0.42059707187499995 0.8055026203125 0.4172404 0.8291033125 0.4910905484375 0.8812710265625 0.48603562031249997 0.80898218125 0.465516271875 0.791513078125 0.44388426562500005 0.7805082484375
0 0.38778072343750003 0.6584220453125 0.3752660796875 0.6584626546875 0.35232730624999997 0.68843965625 0.35627036875 0.7090264046875 0.4343778734375 0.7519655375000001 0.4851339078125 0.7960870828125 0.4792256109375 0.7115944953125 0.448814903125 0.6958790703125 0.38778072343750003 0.6584220453125
0 0.41200991093750006 1 0.4126987921875 0.93122976875 0.44931360781249996 0.917820925 0.4641047484375 0.9026001453125 0.45880861875 0.8745975203125 0.44003380468750003 0.8567169078125 0.375526815625 0.8411997 0.34806427812499996 0.84228556875 0.3226110390625 0.8482379265625 0.310485425 0.8657758125000001 0.289242446875 0.8722682609374999 0.27788920156249997 0.8889176375 0.2987894484375 0.9133256187500001 0.33251215312500004 0.9301609734375 0.325949865625 0.9556548234375001 0.3254580171875 1 0.41200991093750006 1
0 0.20121029375 0.8425406125 0.1771044296875 0.8200257875 0.150954353125 0.8160128859375 0.13183681249999998 0.8290327015625 0.128404609375 0.8634871609375001 0.028195075000000003 0.9206687453125 0.030674660937499997 0.9561284640625001 0.0333626828125 0.96025903125 0.056498815625 0.956972196875 0.149810028125 0.90705329375 0.17932246875 0.923348559375 0.197475971875 0.920410146875 0.212383253125 0.9068502421875 0.21326606875 0.8717395531250001 0.20121029375 0.8425406125
0 0.28704225625 0.6379279 0.2807065578125 0.6308604437499999 0.2633254234375 0.6329103500000001 0.011360434375 0.67992215625 0.0161566 0.7485105296875 0.2865484671875 0.6905358640625 0.28704225625 0.6379279
0 0.7485146171875 0.542489009375 0.7578849609375 0.6089545546874999 0.756227821875 0.6678011171875 0.75377748125 0.6740319765625 0.7429722203125 0.6808470671875 0.7436793703125 0.7059679140624999 0.740771715625 0.713162984375 0.73359090625 0.71552958125 0.7306832515624999 0.722724653125 0.7331547765625 0.74306095625 0.731226615625 0.7492553015625 0.724632859375 0.7525130796874999 0.719701346875 0.7607819078125 0.724978396875 0.7837187265625001 0.710808171875 0.798693103125 0.7134743078125 0.8218124953125001 0.7107612671875 0.8317906562499999 0.70423238125 0.835976134375 0.702826403125 0.8421339640625 0.7068644734375 0.8623607218749999 0.7049671421875 0.8727479609375 0.699871846875 0.8824265890625 0.701363878125 0.9037636171875001 0.69763086875 0.93292388125 0.6999450375 0.9397538078125001 0.7128454578125 0.9178764781250001 0.7222235546875 0.8906520531250001 0.72940436875 0.88828545625 0.7313357421875 0.874633021875 0.739860875 0.85772280625 0.747922265625 0.8566929828125 0.7454443093750001 0.851272859375 0.745908053125 0.83539246875 0.7500578984375 0.8234493687500001 0.7594263531250001 0.8185992140625 0.7562964734375 0.8113602140625 0.7561699468749999 0.8020467281249999 0.761104675 0.7863198125 0.7704082578125 0.7805419609375 0.7667594125 0.765881384375 0.7725438921875 0.74729835 0.7813901624999999 0.7424847078125001 0.7777413171875 0.7278241296875 0.7817954640625 0.7107604421875 0.7891741031249999 0.7037188453125001 0.7891156625 0.6878749703125 0.8135105218750001 0.650278140625 0.8458922578125 0.6330980578125 0.848277728125 0.625939503125 0.8431952921875 0.6057857734375001 0.826071834375 0.5822789859374999 0.774070721875 0.536506903125 0.7576576296875001 0.5306628703125 0.7514222703125 0.5352939390625 0.7485146171875 0.542489009375
0 0.4062546828125 0.2177665078125 0.40231731093749995 0.2330628171875 0.4485752734375 0.27327425 0.44409835937500003 0.20925140937500003 0.4265685421875 0.197987046875 0.4062546828125 0.2177665078125
0 0.41519822343749996 0.1069872515625 0.4256629625 0.08956550468749999 0.42473384375 0.076278490625 0.3963827984375 0.076591990625 0.3630897375 0.08976855624999999 0.34663771875 0.105105475 0.34721841875 0.113409859375 0.3763824421875 0.12472249531249999 0.377892259375 0.1463138921875 0.39516294531249996 0.17848616718750002 0.4211968828125 0.1808381921875 0.4411565921875 0.1671821734375 0.43911653125 0.1380079546875 0.43308452812500003 0.1240954953125 0.41519822343749996 0.1069872515625
0 0.453013990625 0.33675087812500004 0.4500566984375 0.294459625 0.3909640640625 0.24971219375000003 0.12956334687499999 0.024682504687500002 0.056911470312500004 0.029762818749999996 0.4119423734375 0.3396228859375 0.453013990625 0.33675087812500004
0 0 0.0975184109375 0.1675180828125 0.2645025609375 0.1771755328125 0.2713377359375 0.18868552968750002 0.26886388125 0.21286123125 0.2446418796875 0.2103873765625 0.23313188281250002 0.0088488375 0.0331236859375 0 0.0337424578125 0 0.0975184109375
0 0.8397608390625001 0 0.8335890859375 0.014412900000000001 0.826451790625 0.067485425 0.8802154640625 0.048704921875 0.965233675 0.071132834375 0.9714068796875001 0.07363893906249999 0.9680630453125 0.025819884375 0.91230651875 0.00640494375 0.8853840734375 0.0032805515624999997 0.8841852781249999 0 0.8397608390625001 0
0 0.7359799265625 0.24154612968750003 0.7361309859375 0.2198385921875 0.7604634375 0.20979211250000002 0.7591859000000001 0.19152246875 0.7440812593749999 0.17839220312499998 0.715033378125 0.16874044531250001 0.6926696140625 0.1711387703125 0.6832850515625 0.18013999218750001 0.6947601296875 0.20103455 0.6853406484375 0.2334041859375 0.6488809046874999 0.3230545296875 0.71286726875 0.31858016718750004 0.7129713140625 0.31825995625000003 0.7359799265625 0.24154612968750003