0 1 0.21678650625 0.7035371453125 0.06356346562500001 0.6982221265625 0.05722927343749999 0.701487859375 0.0390689703125 0.6931356875 0.0291152390625 0.6748297875 0.027513681249999998 0.66321188125 0.03572025625 0.638582728125 0.08722663281250001 0.6351714 0.1070511109375 0.6430867828125 0.121997359375 0.65625456875 0.1248263046875 0.679344778125 0.110077325 1 0.2789348140625 1 0.21678650625
0 0.9672591390624999 0.317211403125 0.9711072546875 0.2923944046875 0.9451771640625 0.2725182515625 0.93052210625 0.2771052890625 0.9187899156249999 0.2962017875 0.9069747390625 0.3354139546875 0.8858085890625 0.33775443437499997 0.8723809156250001 0.347479584375 0.8902813359374999 0.36329941250000003 0.9298160046874999 0.381011990625 0.96172648125 0.38044997343750003 0.9493696578125 0.3491844953125 0.9672591390624999 0.317211403125
0 1 0.4539126390625 0.6060397 0.2579397671875 0.5992061046875 0.24979580625 0.60580018125 0.23192669375000002 0.599112184375 0.222118559375 0.5758137624999999 0.22008021093750002 0.5602851281250001 0.234652284375 0.5365921640625 0.2946251234375 0.554055796875 0.3154374671875 0.58032875625 0.30264385625 0.6659091874999999 0.3403155703125 0.711840659375 0.371164628125 1 0.51709240625 1 0.4539126390625
0 0.659596871875 0.4412164265625 0.6870346031250001 0.41510943125 0.71259995 0.37206951250000003 0.6690919359375 0.3422709359375 0.6365364609374999 0.331038146875 0.6084850390625001 0.354576084375 0.603555134375 0.37259079375000004 0.6502772015625 0.4135704859375 0.6517127968749999 0.435495925 0.659596871875 0.4412164265625
0 0.6985287875 0.5041528640624999 0.709450015625 0.5134929015624999 0.7245731671875 0.5131390953125 0.733684628125 0.5239977109375 0.7489533765624999 0.52197973125 0.7580648359375 0.532838346875 0.771815009375 0.5290105984375 0.77774371875 0.5379138484375 0.7964864109375001 0.5345228875 0.801801428125 0.5408570796875 0.8450386156249999 0.535416834375 0.8463802906250001 0.5296650265625 0.8090921796874999 0.5054413531249999 0.8066374109375 0.49516512187500006 0.6115957437499999 0.42444003906249994 0.589222578125 0.383075234375 0.5793831359375 0.3805374828125 0.5548995765625 0.4303796875 0.540255459375 0.48275964374999997 0.5436151125 0.492276584375 0.59406006875 0.47153628281250004 0.6149663359375 0.4817498984375 0.6317536625 0.48154168906250006 0.6393465453125 0.490590534375 0.651286946875 0.48828136093749996 0.6620625812500001 0.49928557187499994 0.6773313265625001 0.49726759375 0.684778615625 0.5079806125 0.6985287875 0.5041528640624999
0 0.4501506046875 0.4488843703125 0.4273828953125 0.4695307515625 0.42108000937499995 0.48407151718749997 0.4356520828125 0.499600153125 0.5331883546875 0.5654418999999999 0.65038875625 0.5756956078125001 0.464982565625 0.451858909375 0.4501506046875 0.4488843703125
0 0.39882113124999996 0.4318167921875 0.40620580312500004 0.4240783125 0.4026692484375 0.40699979375 0.41223786406249996 0.374298721875 0.4125494234375 0.33240320625 0.418269925 0.32451913125 0.42634033281250006 0.2514411203125 0.46659204374999996 0.21303991406249997 0.42162806875000003 0.199883065625 0.4108837515625 0.1989430609375 0.38696279218749996 0.4723608890625 0.40264887812500005 0.44556696249999994 0.39882113124999996 0.4318167921875
0 0.0449193171875 0.25284604375 0.0376176265625 0.24046885312500002 0.045875878125000005 0.2227453375 0.035245840625000004 0.21007695312500002 0.0463956484375 0.1976371453125 0.0371385921875 0.188442703125 0.0455424390625 0.169055015625 0.0346212109375 0.1597149765625 0.0378869421875 0.14155467187499998 0.0866880953125 0.082101603125 0.074716384375 0.075185028125 0.035417421875 0.0733465359375 0.004712659375 0.424303590625 0.014186059375 0.42204060156249995 0.028050518749999996 0.40732293124999996 0.0345397375 0.3139836546875 0.041924410937500003 0.3062451734375 0.036432489062500004 0.29234940625 0.043026565625 0.27448029375 0.0355792796875 0.2637672734375 0.0449193171875 0.25284604375
0 0.7540000890624999 0.6475817015625001 0.8176973265624999 0.7437076765625 0.8261637859375 0.742771484375 0.8341512124999999 0.68980914375 0.859664884375 0.676110646875 0.8631075171875 0.66551191875 0.8804772312500001 0.6586470171875 0.887539403125 0.645011134375 0.9011439781249999 0.6428475578125 0.946845378125 0.6016322015625 0.8858618312500001 0.59629683125 0.8096770828125001 0.6532912609375 0.7540000890624999 0.6475817015625001
0 0.5778591578125 0.75374740625 0.597621021875 0.7387072375 0.9718055218749999 0.8440948265625 0.9765544296875 0.7898145640625 0.6068358328125 0.6908830109374999 0.598452353125 0.67170353125 0.5868031421875 0.6706843578125 0.5714201046875 0.683592259375 0.5568589687500001 0.71585654375 0.5564847953125 0.7393005625 0.563027196875 0.7507728671875 0.5778591578125 0.75374740625
0 0.43895315 0.7793252015625 0.4649145484375 0.8084271046874999 0.4718624328125 0.80568114375 0.45239025312500003 0.6832399625 0.410847034375 0.5638985484375 0.415018840625 0.5551034078125 0.379991865625 0.5520389437500001 0.376588671875 0.5909376281250001 0.430569671875 0.7601457234375 0.43895315 0.7793252015625
0 0.1377520765625 0.6650323031250001 0.1167206890625 0.6724882156249999 0.096172571875 0.695324675 0.0866990734375 0.7140172812500001 0.080337003125 0.7329821015625 0.0767857203125 0.77357345 0.0832487109375 0.8131817484375 0.0948520078125 0.838831090625 0.1049348921875 0.84900915 0.11233310781250001 0.851050796875 0.1350927328125 0.8507180249999999 0.15521409218749999 0.8357457625 0.170737921875 0.8106105515625 0.181341371875 0.7790025171875 0.18377480156249998 0.7392429609375 0.1790168453125 0.71000934375 0.1674135484375 0.6843600015625 0.1510735046875 0.6680569625 0.1377520765625 0.6650323031250001