0 0.65613515625 0.42365446562500003 0.6901111515625 0.42983582187499997 0.7042321953124999 0.4128865421875 0.838517659375 0.091121465625 0.7744353609375 0.067797415625 0.646947896875 0.4180663453125 0.65613515625 0.42365446562500003
0 0.511977628125 0 0.51342801875 0.0081683921875 0.3748607546875 0.3925433265625 0.43911844218749996 0.4159312125 0.587765028125 0.01755371875 0.62344484375 0.01905386875 0.6276025703125 0.014354651562500001 0.5881634906250001 0 0.511977628125 0
0 0.8367993671875 0.8322750375 0.854460003125 0.8395865406249999 0.8705659671875001 0.826893940625 0.894838209375 0.784482025 0.8842739500000001 0.7673835999999999 0.728383059375 0.6859043687499999 0.5804267484375 0.600831696875 0.55350493125 0.67479878125 0.6503401171875 0.7352520484375 0.8367993671875 0.8322750375
0 0.6708892328125 0.8098816265625001 0.585503196875 0.7434613796875 0.5714595921875001 0.7383499265625 0.5618820625 0.7428160015625 0.5434326328125 0.764374771875 0.5417947921875 0.785867565625 0.57853304375 0.8063076484374999 0.6417923734375 0.8558388625 0.6408601593750001 0.8899582765625 0.6468149265625 0.9027283140625 0.6666039015624999 0.9090473546875 0.698032765625 0.8930962671874999 0.7237219890625 0.8565014328125 0.7322410781250001 0.8330954265624999 0.7290543015625001 0.8151479578125 0.7042313109375 0.8008117875 0.6708892328125 0.8098816265625001
0 0.51438441875 1 0.5250693125 0.97504601875 0.5190428375 0.9649005484375 0.5065596343750001 0.9603570343750001 0.48237056093749997 0.96127205625 0.465638390625 1 0.51438441875 1
0 0.5013483984375 0.46777156875000003 0.559143459375 0.5250330765625 0.580994796875 0.5135480640625001 0.580079775 0.489358990625 0.5752551546875 0.49290431406249996 0.5661078796875 0.48162296875 0.57065139375 0.46913976562500004 0.5768929968750001 0.4714115234375 0.5775269125 0.4866627140625 0.5842704750000001 0.470562478125 0.5859845359375 0.4693860984375 0.4916114828125 0.43503711718750004 0.48936715625 0.4448560625 0.5013483984375 0.46777156875000003
0 0.5960365921874999 0.5013516953125 0.562264259375 0.5261689546875 0.558856625 0.53553135625 0.541829909375 0.5434710453125 0.49755356562499997 0.5874376296875 0.46222083593749996 0.61168695 0.4339787484375 0.6455855046875 0.40439711875000006 0.6516062484375 0.4004272765625 0.643092890625 0.3763816203125 0.6387587703125 0.37354192343750003 0.6465607734375001 0.387083565625 0.67004421875 0.4443106890625 0.7288661249999999 0.45736183124999996 0.731849240625 0.46106203125 0.6925523953125 0.4786624203125 0.6636161453125 0.4964004953125 0.6488669140625001 0.5117233953125 0.6456084265625 0.5168348484374999 0.631564825 0.5300294078125 0.629298796875 0.5330125234375 0.6162476531250001 0.548335421875 0.6129891671875 0.5534468765625 0.5989455640625 0.5666414359374999 0.5966795359375 0.5728887671875 0.5795151328125 0.5876437296875 0.5778170453125 0.5884985015625 0.5657583640625 0.5937747578125 0.5641583421874999 0.617842665625 0.4980323109375 0.607031103125 0.5027027000000001 0.5960365921874999 0.5013516953125
0 0.5396159296875 0.7129585031250001 0.5668170953125 0.6382239109375 0.511078015625 0.6692295578125 0.49292115000000003 0.6608538859374999 0.48703236250000004 0.664895440625 0.4994323953125 0.7109358484375 0.5243213609375 0.7420836078125 0.5290318968750001 0.7420378921874999 0.5382631296875 0.7166752890625 0.5382330109375 0.7135718796875 0.5396159296875 0.7129585031250001
0 0.2547679625 0.7446996578125 0.2516528921875 0.7241276171875 0.31011052499999997 0.6994595078125 0.3166389609375 0.6912329828125 0.2981350140625 0.6571078406249999 0.27671392968749997 0.6528454296875 0.23244331875 0.677375853125 0.206269325 0.6740341953125 0.2173957921875 0.7090083828125 0.24469420312499998 0.7481015625 0.2547679625 0.7446996578125
0 0.2918934125 0.6548360843750001 0.3099843 0.6464001625 0.3277281046875 0.612214771875 0.27616891250000003 0.576661184375 0.259578178125 0.549417290625 0.23140780312499998 0.5806912765625001 0.2150809796875 0.620693746875 0.22281127343749998 0.6261580140625 0.251185315625 0.6258826390625 0.27891397812499996 0.6492283999999999 0.2918934125 0.6548360843750001
0 0.287671878125 0.9548077703125 0.44869246250000006 0.9627686734375 0.4693517015625 0.9060078796875001 0.10349063124999999 0.887771278125 0.287671878125 0.9548077703125