1 0.617780353515625 0.47198544140625 0.6251089609375 0.467826087890625 0.647073736328125 0.479185265625 0.648489767578125 0.4822495703125 0.684022017578125 0.49224025 0.689973822265625 0.458592822265625 0.695303328125 0.384415240234375 0.694276265625 0.366503259765625 0.690558595703125 0.358719669921875 0.684103408203125 0.357941310546875 0.660010861328125 0.394188498046875 0.6438858203125 0.405722798828125 0.627421935546875 0.407313564453125 0.61803109765625 0.412966390625 0.60989701953125 0.40134938671875 0.603011587890625 0.409779982421875 0.5913369296875 0.414790666015625 0.5830281640625 0.404161201171875 0.579988185546875 0.4162646796875 0.565354421875 0.426144966796875 0.561183052734375 0.42600875390625 0.557663517578125 0.418799205078125 0.554879099609375 0.422681267578125 0.55352853125 0.4337047734375 0.545477740234375 0.440252712890625 0.534699951171875 0.441887265625 0.53200973828125 0.449498630859375 0.60216395703125 0.46922404296875 0.603681166015625 0.466984482421875 0.617780353515625 0.47198544140625
1 0.281355759765625 0.371823416015625 0.27576105859375 0.352627140625 0.26627641796875 0.352033642578125 0.257081302734375 0.33286169140625 0.2477244375 0.328157484375 0.23915770703125 0.3003506171875 0.239225654296875 0.279636546875 0.24467482421875 0.23866569140625 0.24277434375 0.22569142578125 0.2375184921875 0.216438685546875 0.227637576171875 0.214697103515625 0.2163591875 0.2208558671875 0.1869064609375 0.2535226015625 0.15929678515625 0.3079590546875 0.1508052265625 0.3356345703125 0.15059937890625 0.342256662109375 0.29636683984375 0.38324241015625 0.287542455078125 0.367342986328125 0.281355759765625 0.371823416015625
1 0.499027322265625 0.637679240234375 0.504457859375 0.645944435546875 0.506600966796875 0.63721708984375 0.506353521484375 0.608121068359375 0.4898618515625 0.516901759765625 0.482453916015625 0.558781140625 0.490460591796875 0.60987237109375 0.499027322265625 0.637679240234375
1 0.55026291796875 0.54116276953125 0.554457740234375 0.542860568359375 0.55721870703125 0.537416919921875 0.55865015234375 0.519159544921875 0.555429771484375 0.45608369140625 0.5451523359375 0.453193962890625 0.548654384765625 0.53500887109375 0.55026291796875 0.54116276953125
1 0.606980771484375 0.506832298828125 0.610104037109375 0.51289376953125 0.61435628125 0.505796111328125 0.617849958984375 0.486045259765625 0.61922923046875 0.474022322265625 0.609348650390625 0.471244177734375 0.606793158203125 0.494339640625 0.606980771484375 0.506832298828125
1 0.707784228515625 0.5434686953125 0.71190869140625 0.5404817421875 0.717779994140625 0.5276193671875 0.72472071875 0.50368358984375 0.715228400390625 0.50101461328125 0.70916876953125 0.52208815234375 0.707784228515625 0.5434686953125
1 0.760614541015625 0.5531398125 0.75615123046875 0.54618323046875 0.753809986328125 0.5543365390625 0.748590513671875 0.560125580078125 0.74793868359375 0.567198912109375 0.751982271484375 0.571445833984375 0.75571046484375 0.5673108046875 0.760614541015625 0.5531398125
1 0.75665183203125 0.54165901953125 0.75996030078125 0.534814330078125 0.763386029296875 0.535777548828125 0.76551862109375 0.5389688203125 0.765088375 0.54817777734375 0.771343017578125 0.522983279296875 0.773380697265625 0.517365419921875 0.764957775390625 0.51499712890625 0.758748037109375 0.529808509765625 0.75665183203125 0.54165901953125
1 0.882965458984375 0.6238245390625 0.8868917890625 0.620263548828125 0.89582893359375 0.62225809375 0.886831955078125 0.603660185546875 0.875365953125 0.5973262890625 0.869901443359375 0.599418126953125 0.869995251953125 0.605664455078125 0.873689470703125 0.611886462890625 0.859117953125 0.663768931640625 0.860749939453125 0.671484412109375 0.864128763671875 0.669324466796875 0.882965458984375 0.6238245390625
1 0.80348787890625 0.619100857421875 0.805818603515625 0.62286616796875 0.81695628125 0.607337916015625 0.853862986328125 0.54100230078125 0.854991216796875 0.540312025390625 0.84350629296875 0.53708278515625 0.810185697265625 0.598177603515625 0.80348787890625 0.619100857421875
1 0.468066095703125 0.4315194609375 0.35821374609375 0.4006320390625 0.358328591796875 0.4007368125 0.258412986328125 0.94475142578125 0.36296108203125 0.974147435546875 0.453787765625 0.439174177734375 0.468066095703125 0.4315194609375