1 0 0 0 0.20059018359375 0.0796875 0.20557065234375 0.42012709375 0.5390625 0.45 0.5390625 0.45 0.242223546875 0.264470109375 0.0642663046875 0.242730978515625 0.031657609375 0.24075237890625 0 0 0
1 0.463799158203125 0.2545625 0.467169943359375 0.2575625 0.469417134765625 0.2535625 0.46997893359375 0.2325625 0.464360955078125 0.1415625 0.46492275390625 0.1315625 0.46997893359375 0.1215625 0.46576544921875 0.1170625 0.456776685546875 0.1160625 0.45 0.120701923828125 0.45 0.1305657890625 0.452282302734375 0.1320625 0.45481039453125 0.1425625 0.46099016796875 0.2405625 0.463799158203125 0.2545625
1 0.5177317421875 0.1195625 0.52054073046875 0.1415625 0.51997893359375 0.2395625 0.52054073046875 0.2445625 0.52503511328125 0.2485625 0.5278441015625 0.2365625 0.529529494140625 0.1315625 0.53290028125 0.1205625 0.53037219140625 0.1160625 0.521945224609375 0.1150625 0.5177317421875 0.1195625
1 0.58009129296875 0.1485625 0.58121488671875 0.1405625 0.58570926953125 0.1325625 0.58570926953125 0.1285625 0.58037219140625 0.1220625 0.57138342578125 0.1220625 0.568855337890625 0.1275625 0.571664326171875 0.1365625 0.562113763671875 0.2355625 0.562113763671875 0.2565625 0.563799158203125 0.2605625 0.567169943359375 0.2575625 0.57054073046875 0.2435625 0.58009129296875 0.1485625
1 0.639080056640625 0.1515625 0.63655196484375 0.1440625 0.63093398828125 0.1390625 0.624192416015625 0.1380625 0.621664326171875 0.1415625 0.621664326171875 0.1685625 0.60481039453125 0.2635625 0.60537219140625 0.2745625 0.61042837109375 0.2775625 0.6182935390625 0.2535625 0.62054073046875 0.2245625 0.63121488671875 0.1645625 0.639080056640625 0.1515625
1 0.72503511328125 0.2715625 0.73065308984375 0.2855625 0.72559691015625 0.3345625 0.72559691015625 0.3405625 0.7284058984375 0.3445625 0.733462078125 0.3335625 0.741889044921875 0.2925625 0.752563201171875 0.2865625 0.74610252734375 0.2750625 0.734304775390625 0.2680625 0.72503511328125 0.2715625
1 0.70621488671875 0.1960625 0.69497893359375 0.1870625 0.69132724609375 0.1895625 0.692450841796875 0.2105625 0.668855337890625 0.2865625 0.66604634765625 0.3095625 0.668855337890625 0.3115625 0.699192416015625 0.2225625 0.70509129296875 0.2120625 0.71099016796875 0.2085625 0.71155196484375 0.2025625 0.70621488671875 0.1960625
1 0.224609375 0.8681640625 0.44921875 0.263671875
1 0.689453125 0.666015625 0.1875 0.119140625
1 0.548250150390625 0.946698017578125 0.518573890625 0.93361819140625 0.5077825234375 0.930381943359375 0.499988759765625 0.9301122578125 0.492794513671875 0.928494134765625 0.489197392578125 0.92660632421875 0.485900029296875 0.928628978515625 0.48769858984375 0.934562095703125 0.48170338671875 0.943731458984375 0.47091201953125 0.950203951171875 0.45 0.960342634765625 0.45 0.98151391796875 0.508981564453125 0.956002224609375 0.52876573828125 0.95195691796875 0.552746552734375 0.95087816796875 0.548250150390625 0.946698017578125
1 0.518573890625 0.76910901953125 0.483801708984375 0.77072714453125 0.47001273828125 0.772614955078125 0.46101993359375 0.77558151171875 0.45202712890625 0.77558151171875 0.45 0.776265421875 0.45 0.795316224609375 0.5077825234375 0.781244943359375 0.525468375 0.773019484375 0.524269333984375 0.77086198828125 0.518573890625 0.76910901953125
1 0.69603192578125 0.862420779296875 0.687938400390625 0.878197478515625 0.68733887890625 0.893299958984375 0.690636240234375 0.89586198828125 0.70652353125 0.897345267578125 0.72480890234375 0.891007619140625 0.733801708984375 0.88911980859375 0.746991158203125 0.88885012109375 0.78955710546875 0.8918166796875 0.83691921484375 0.8918166796875 0.854904826171875 0.88938949609375 0.86000075 0.887097154296875 0.8285259296875 0.8791413828125 0.78955710546875 0.87779294921875 0.780564298828125 0.87563544921875 0.772770533203125 0.87698388671875 0.76197916796875 0.875096076171875 0.7517873203125 0.87644451171875 0.742794513671875 0.874017328125 0.72780650390625 0.874017328125 0.69603192578125 0.862420779296875
1 0.87319019921875 0.730678599609375 0.875588279296875 0.768704490234375 0.88518060546875 0.78542509375 0.89027652734375 0.78825680859375 0.89417341015625 0.78866133984375 0.900168615234375 0.78569478125 0.908561900390625 0.768974177734375 0.90676333984375 0.743084208984375 0.90976094140625 0.734993595703125 0.913957583984375 0.730678599609375 0.92894559375 0.722587986328125 0.91875374609375 0.718272990234375 0.919952787109375 0.71395799609375 0.912458783203125 0.711665654296875 0.9034659765625 0.71058690625 0.865096673828125 0.711665654296875 0.851307703125 0.71382315234375 0.84980890234375 0.7166548671875 0.84980890234375 0.718003302734375 0.86239883203125 0.722318298828125 0.87319019921875 0.730678599609375