1 0.0537109375 0.908203125 0.0185546875 0.025390625
1 0.013671875 0.796875 0.0185546875 0.021484375
1 0.0029296875 0.8740234375 0.005859375 0.017578125
1 0.1416015625 0.654296875 0.0107421875 0.013671875
1 0.111328125 0.7509765625 0.0185546875 0.025390625
1 0.078125 0.7275390625 0.013671875 0.017578125
1 0.05859375 0.71875 0.013671875 0.0205078125
1 0.0185546875 0.724609375 0.015625 0.015625
1 0.0380859375 0.7392578125 0.0185546875 0.025390625
1 0.060546875 0.779296875 0.0205078125 0.017578125
1 0.0302734375 0.849609375 0.0126953125 0.017578125
1 0.8740234375 0.916015625 0.0263671875 0.033203125
1 0.744140625 0.9580078125 0.0361328125 0.041015625
1 0.7919921875 0.880859375 0.029296875 0.044921875
1 0.8251953125 0.8935546875 0.033203125 0.041015625