1 0.306033236328125 0.047643607421875 0.285181572265625 0.013124939453125 0.28480250390625 0.0021096484375 0.041834412109375 0.000309884765625 0.037369884765625 0.158359048828125 0.11702566015625 0.17085060546875 0.448549623046875 0.53504155859375 0.478463140625 0.537865591796875 0.48681083984375 0.24234783984375 0.306033236328125 0.047643607421875
1 0.48995087890625 0.13118705859375 0.492194193359375 0.1328928671875 0.49443044140625 0.143585123046875 0.497862662109375 0.241733140625 0.500281763671875 0.255936375 0.503572763671875 0.259241681640625 0.505935498046875 0.255471921875 0.507088623046875 0.2346185 0.504022107421875 0.1434924375 0.504865890625 0.1335900546875 0.510210162109375 0.12411255078125 0.506117498046875 0.1192342578125 0.497144638671875 0.11738895703125 0.49022826953125 0.12136709765625 0.48995087890625 0.13118705859375
1 0.558084134765625 0.126635763671875 0.5602782578125 0.148803390625 0.5569597421875 0.24631409375 0.557381693359375 0.251344947265625 0.561769697265625 0.255752021484375 0.564919970703125 0.244070978515625 0.569560462890625 0.13969765234375 0.573245171875 0.129065267578125 0.5708401953125 0.1243463046875 0.56242989453125 0.12255411328125 0.558084134765625 0.126635763671875
1 0.600248978515625 0.27136316796875 0.603708712890625 0.268695177734375 0.607477791015625 0.255076146484375 0.61971292578125 0.16140184375 0.6210630234375 0.153543669921875 0.625788490234375 0.146004154296875 0.625900978515625 0.14202195703125 0.6207394375 0.13504634765625 0.611738451171875 0.134196595703125 0.609052255859375 0.139433123046875 0.61161196484375 0.14865861328125 0.599264341796875 0.246315111328125 0.59867378125 0.267221640625 0.600248978515625 0.27136316796875
1 0.65808008203125 0.2408874609375 0.670456068359375 0.18216359765625 0.678697517578125 0.1699649921875 0.67637690234375 0.162259380859375 0.6708918984375 0.1567505390625 0.664169283203125 0.15511767578125 0.661539330078125 0.15836310546875 0.660780037109375 0.185242931640625 0.641231603515625 0.27822680859375 0.641484822265625 0.289230958984375 0.646463509765625 0.292695591796875 0.655014298828125 0.269545947265625 0.65808008203125 0.2408874609375
1 0.7613947890625 0.297556642578125 0.766626697265625 0.312025423828125 0.7601856640625 0.36032934375 0.76001693359375 0.366302638671875 0.762717251953125 0.370550384765625 0.7680896484375 0.360077330078125 0.777681072265625 0.320056458984375 0.78853847265625 0.31509224609375 0.782392416015625 0.303032669921875 0.77077548046875 0.29494852734375 0.7613947890625 0.297556642578125
1 0.749833728515625 0.227589125 0.7446721875 0.220613515625 0.733674056640625 0.2105913828125 0.729947099609375 0.21273504296875 0.730481662109375 0.233747794921875 0.70471680859375 0.30717892578125 0.7012571953125 0.329811005859375 0.704013759765625 0.33206765234375 0.736894935546875 0.246331697265625 0.743097115234375 0.23643608203125 0.749102435546875 0.233509310546875 0.749833728515625 0.227589125
1 0.26380931712962963 0.8443576388888889 0.44567418981481477 0.30590277777777786
1 0.7142216435185185 0.6866319444444444 0.20525173611111125 0.1362268518518519
1 0.466615908203125 0.95727065234375 0.466020529296875 0.978347703125 0.525799716796875 0.95852537890625 0.545724548828125 0.956368375 0.569768302734375 0.957561451171875 0.565383341796875 0.95297483984375 0.536034568359375 0.937147787109375 0.5253195390625 0.93290578125 0.517522763671875 0.93190051171875 0.510364244140625 0.929609484375 0.5068153203125 0.927390021484375 0.50345659375 0.92909195703125 0.505090748046875 0.935168693359375 0.498829533203125 0.94373048828125 0.4878414765625 0.94915401171875 0.466615908203125 0.95727065234375
1 0.540660890625 0.773370826171875 0.50579593359375 0.771694564453125 0.49193512890625 0.77227043359375 0.482846671875 0.774373650390625 0.473841640625 0.773523517578125 0.4717925234375 0.774012748046875 0.47125677734375 0.7929787578125 0.529513568359375 0.78443257421875 0.547454779296875 0.77791565625 0.54631478125 0.775654412109375 0.540660890625 0.773370826171875
1 0.8740665390625 0.924910982421875 0.879233853515625 0.923110583984375 0.847939978515625 0.912214751953125 0.808956095703125 0.90718840625 0.80001173828125 0.90419037109375 0.792169455078125 0.904796025390625 0.7814165078125 0.901896455078125 0.771172884765625 0.902275404296875 0.762236109375 0.899008888671875 0.74722772265625 0.897591998046875 0.71573606640625 0.883043255859375 0.7071878671875 0.89798461328125 0.706162818359375 0.912963197265625 0.70939261328125 0.9158255390625 0.7252597890625 0.91880412109375 0.74374824609375 0.914223287109375 0.7528063671875 0.913194015625 0.76602133203125 0.914172392578125 0.808561720703125 0.921149716796875 0.85598821875 0.925627091796875 0.8740665390625 0.924910982421875
1 0.952898751953125 0.765851328125 0.94281439453125 0.760592052734375 0.944136412109375 0.756409615234375 0.936696685546875 0.75341903125 0.927721990234375 0.75149494921875 0.889270189453125 0.74894165625 0.875401798828125 0.74978601171875 0.873821328125 0.75246343359375 0.873783404296875 0.7538058671875 0.88626910546875 0.759291845703125 0.89684003515625 0.76863509765625 0.898172009765625 0.80671844140625 0.907307162109375 0.824271431640625 0.91233037890625 0.827572287109375 0.91622118359375 0.82834341015625 0.922307962890625 0.825956810546875 0.931182875 0.810104087890625 0.930109947265625 0.784159326171875 0.9333391484375 0.7763881015625 0.937662841796875 0.772489041015625 0.952898751953125 0.765851328125