1 0.88582713671875 1 0.926635275390625 0.826732068359375 0.84177513671875 0.694202603515625 0.44207871484375 0.6028917734375 0.683711919921875 1 0.88582713671875 1
1 0.022075484375 0.77076415625 0.031648640625 0.78567106640625 0.039403388671875 0.7906226171875 0.04790725 0.783555388671875 0.055411345703125 0.769369810546875 0.0505342109375 0.759775681640625 0.0504646796875 0.74491989453125 0.051795541015625 0.73674398828125 0.060100904296875 0.72168146484375 0.051600685546875 0.7123196328125 0.05162170703125 0.699604521484375 0.05918159765625 0.68013172265625 0.058181830078125 0.673013369140625 0.049625818359375 0.668938759765625 0.04948311328125 0.65565624609375 0.05686188671875 0.631902099609375 0.051803638671875 0.618026625 0.060018447265625 0.60082342578125 0.059910505859375 0.5949688046875 0.054068373046875 0.58568422265625 0.064561658203125 0.556281626953125 0.06365609375 0.534874890625 0.069411763671875 0.517755837890625 0.023994134765625 0.50738016015625 0.02378840625 0.51728715625 0.019614701171875 0.53753353125 0.020610826171875 0.56108094140625 0.00779055078125 0.57511203125 0.014541892578125 0.589374294921875 0.013900716796875 0.60724769921875 0.00834035546875 0.64095719921875 0.010465205078125 0.66476246875 0.00130278515625 0.685989154296875 0.0036681796875 0.69235948828125 0.01182355859375 0.696872572265625 0.013258720703125 0.710980345703125 0.008102634765625 0.72782231640625 0.02197118359375 0.7484804765625 0.02377221484375 0.754721884765625 0.022075484375 0.77076415625
1 0.971911826171875 0.159128384765625 0.94289510546875 0.0973599921875 0.920695775390625 0.092288544921875 0.963076865234375 0.18148987109375 0.956154513671875 0.199518328125 0.956443568359375 0.209654294921875 0.962358876953125 0.21736560546875 0.970496869140625 0.218164744140625 0.975283447265625 0.22561819921875 0.97890653515625 0.2253858984375 0.99212744140625 0.210916337890625 0.99582191015625 0.202828869140625 0.996163640625 0.1874509765625 0.99546511328125 0.184119013671875 0.99617946484375 0.164672337890625 0.98848051171875 0.154433564453125 0.984293060546875 0.154536931640625 0.975952927734375 0.162171560546875 0.971911826171875 0.159128384765625
1 0.902472439453125 0.327703701171875 0.919609126953125 0.306708751953125 0.91979751953125 0.27813198046875 0.9148472109375 0.270111125 0.908966669921875 0.26982770703125 0.89766565234375 0.247106115234375 0.85937383203125 0.101619240234375 0.853841775390625 0.089755509765625 0.848926232421875 0.089162546875 0.84482933984375 0.091406587890625 0.840948328125 0.10535987109375 0.887935224609375 0.284632931640625 0.886276900390625 0.291674037109375 0.880431130859375 0.29881851171875 0.879462490234375 0.31555711328125 0.880608603515625 0.319528919921875 0.889547865234375 0.319451111328125 0.8918400859375 0.327394720703125 0.902472439453125 0.327703701171875
1 0.79245547265625 0.39584965625 0.7988793515625 0.408977119140625 0.8137549453125 0.40389551171875 0.821840791015625 0.3935528046875 0.824739421875 0.376195119140625 0.830494640625 0.366909970703125 0.83111479296875 0.361751681640625 0.824053375 0.3500685625 0.818353947265625 0.3540664921875 0.811222998046875 0.327527587890625 0.794871826171875 0.172213158203125 0.79027 0.152611994140625 0.783445486328125 0.13992300390625 0.7807489921875 0.14884692578125 0.779884654296875 0.18786920703125 0.7939508828125 0.30238190625 0.797998447265625 0.358426208984375 0.796430681640625 0.367607990234375 0.78969308203125 0.37348873046875 0.786230087890625 0.390717490234375 0.79245547265625 0.39584965625
1 0.72137112890625 0.26460116796875 0.719377248046875 0.389224837890625 0.712235376953125 0.411973111328125 0.72392328515625 0.41411322265625 0.733318970703125 0.40830972265625 0.73497729296875 0.401268619140625 0.72988427734375 0.37996525 0.732115060546875 0.25433570703125 0.7267641171875 0.24675332421875 0.72137112890625 0.26460116796875
1 0.6686969140625 0.28118753125 0.665491845703125 0.284695302734375 0.659952509765625 0.30568969140625 0.644037927734375 0.398513357421875 0.64110453125 0.408443154296875 0.63365622265625 0.417341513671875 0.6368228828125 0.42283490625 0.64561580078125 0.42590364453125 0.654137044921875 0.422550361328125 0.65845345703125 0.415586501953125 0.653921166015625 0.41084112109375 0.653869015625 0.39969928125 0.6708775546875 0.299705578125 0.67137238671875 0.28497872265625 0.6686969140625 0.28118753125
1 0.611382466796875 0.287173890625 0.612002619140625 0.2820156015625 0.608435322265625 0.2769606796875 0.602770666015625 0.288386501953125 0.57620270703125 0.39361630078125 0.570210587890625 0.403907322265625 0.571684158203125 0.409013927734375 0.5799127109375 0.41195373828125 0.585211501953125 0.408394279296875 0.5876015625 0.385620443359375 0.611382466796875 0.287173890625
1 0.56153734765625 0.271546779296875 0.529437337890625 0.364912849609375 0.526413380859375 0.37270196875 0.52000324609375 0.379717515625 0.519055630859375 0.38374100390625 0.5228772109375 0.391504 0.53190703125 0.3935668671875 0.53574963671875 0.38861475 0.53505994921875 0.37891725390625 0.568107576171875 0.2815276953125 0.573082548828125 0.26040437890625 0.5723370703125 0.2559941015625 0.5682401796875 0.25823814453125 0.56153734765625 0.271546779296875
1 0.470889861328125 0.348357673828125 0.47165272265625 0.3564818984375 0.47611183984375 0.362800546875 0.48264730078125 0.365353572265625 0.486016099609375 0.36241319921875 0.4924124921875 0.3352546484375 0.531849232421875 0.243564658203125 0.533890810546875 0.232371130859375 0.529522244140625 0.228193154296875 0.515935470703125 0.250529078125 0.506807814453125 0.27918366015625 0.481870697265625 0.33708634375 0.470889861328125 0.348357673828125
1 0 0.501898689453125 0.387276376953125 0.590372154296875 0.448260759765625 0.33143758203125 0.445968646484375 0.32526449609375 0.402110529296875 0.334142205078125 0.38025741015625 0.285056578125 0.34291842578125 0.301722625 0.289097599609375 0.264231078125 0.259685552734375 0.2827080390625 0.2350168203125 0.24557726171875 0.188343091796875 0.2664098203125 0.16763783203125 0.2301845 0.12211195703125 0.263877365234375 0.103962361328125 0.23453492578125 0.04169469921875 0.232907927734375 0.042287275390625 0.225681298828125 0 0.405229521484375 0 0.501898689453125