1 0.44075520833333337 0.8257161458333333 0.05447048611111116 0.059765625000000044
1 0.24856770833333333 0.6716796875 0.03896122685185183 0.06332465277777777
1 0.5231192129629629 0.5053168402777778 0.05004340277777786 0.04210069444444442
1 0.3080150462962963 0.5013020833333333 0.042404513888888884 0.04778645833333339
1 0.5497902199074074 0.9767144097222222 0.05342881944444455 0.024609375000000044
1 0.3026837384259259 0.9480034722222223 0.05096932870370363 0.07335069444444442
1 0.43149623828125 0.071830185546875 0.42395287109375 0.084214767578125 0.41513823046875 0.08864191796875 0.373448501953125 0.075653412109375 0.357535849609375 0.07869343359375 0.35350290625 0.087664208984375 0.356991892578125 0.090995669921875 0.360526130859375 0.09814140625 0.36445761328125 0.099433099609375 0.36772797265625 0.10657087890625 0.37271496484375 0.107894384765625 0.374732623046875 0.112061404296875 0.38908582421875 0.119533208984375 0.3933211953125 0.119074255859375 0.397436533203125 0.1238911015625 0.40169858203125 0.122259748046875 0.4131758046875 0.128471671875 0.41752834765625 0.134468865234375 0.42276825390625 0.153691337890625 0.425729486328125 0.157006892578125 0.43240406640625 0.13638370703125 0.435339111328125 0.111834904296875 0.435328640625 0.10068916015625 0.433852072265625 0.09595184765625 0.433721564453125 0.0900818984375 0.435912603515625 0.086628328125 0.436837603515625 0.080790189453125 0.43559300390625 0.071660353515625 0.43149623828125 0.071830185546875
1 0.278263138671875 0.092729091796875 0.263081158203125 0.0752600859375 0.261090173828125 0.069920666015625 0.25669762109375 0.0656820703125 0.25367780078125 0.059138439453125 0.250023533203125 0.0572685 0.247782009765625 0.051334927734375 0.2413584609375 0.043515509765625 0.23689922265625 0.0422079140625 0.23408993359375 0.03801703515625 0.227394408203125 0.036348736328125 0.223646779296875 0.038582193359375 0.2245155703125 0.046820796875 0.22679710546875 0.050995771484375 0.2275992109375 0.062165373046875 0.23187983203125 0.065520693359375 0.232721947265625 0.074931697265625 0.2366534296875 0.076223390625 0.23818858203125 0.08418877734375 0.2437619140625 0.08875626171875 0.2449212578125 0.095830419921875 0.248839404296875 0.0977083125 0.2520564140625 0.10719089453125 0.256779529296875 0.1085064453125 0.25795220703125 0.114994404296875 0.262648650390625 0.11748235546875 0.266710640625 0.12464399609375 0.271766689453125 0.14034131640625 0.271313232421875 0.160272099609375 0.272136775390625 0.164696431640625 0.276569337890625 0.167176427734375 0.2826999609375 0.1588554765625 0.29542800390625 0.121696591796875 0.297621904296875 0.10651107421875 0.297638103515625 0.094192931640625 0.296524009765625 0.090933046875 0.2939119140625 0.0896811171875 0.286667197265625 0.0947421875 0.278263138671875 0.092729091796875
1 0.168590716796875 0.137231720703125 0.166930294921875 0.1289692578125 0.16848974609375 0.11845743359375 0.167580947265625 0.11197742578125 0.16838877734375 0.099683142578125 0.1674933125 0.092616935546875 0.168274470703125 0.081495052734375 0.167128466796875 0.073834693359375 0.167328521484375 0.065041701171875 0.163312265625 0.032657576171875 0.159090232421875 0.032530330078125 0.156158044921875 0.045347189453125 0.15535021484375 0.05764147265625 0.153646919921875 0.06286955078125 0.1539479453125 0.072850845703125 0.152441837890625 0.081017876953125 0.153310630859375 0.08925648046875 0.151751177734375 0.09976830859375 0.152883845703125 0.10801486328125 0.15158826953125 0.118534642578125 0.152760951171875 0.125022603515625 0.151188158203125 0.136120626953125 0.152320830078125 0.1443671875 0.151302470703125 0.154308720703125 0.151496796875 0.16897961328125 0.1467946328125 0.189955548828125 0.1401681640625 0.20266106640625 0.14178333984375 0.2071092578125 0.15154679296875 0.207403517578125 0.15410554296875 0.2110002421875 0.15964696484375 0.211167251953125 0.16610005078125 0.206082328125 0.17296085546875 0.206289103515625 0.1772443359375 0.197912482421875 0.178710431640625 0.19150405078125 0.177591099609375 0.182671294921875 0.170285423828125 0.16719947265625 0.167505671875 0.15010425 0.168590716796875 0.137231720703125
1 0.307783515625 0.20536637890625 0.30609928125 0.18654437109375 0.304609376953125 0.1823932578125 0.30187724609375 0.186417123046875 0.28962361328125 0.225936712890625 0.282453189453125 0.25094446875 0.281975921875 0.26031570703125 0.2943729140625 0.255116623046875 0.30119370703125 0.257082 0.306878970703125 0.2625327578125 0.311705919921875 0.27089065625 0.314318017578125 0.2721425859375 0.317087298828125 0.278092064453125 0.321743728515625 0.282338611328125 0.323220294921875 0.28707592578125 0.32737564453125 0.290134169921875 0.339127220703125 0.30749979296875 0.354442568359375 0.3191068046875 0.357886310546875 0.3186239921875 0.35902994140625 0.30897953515625 0.35127653125 0.289974611328125 0.349728044921875 0.282595423828125 0.34715595703125 0.2795848984375 0.344176150390625 0.27128266796875 0.34003413671875 0.267638228515625 0.33676377734375 0.260500443359375 0.332120681640625 0.2556676953125 0.32989249609375 0.249147923828125 0.319380283203125 0.235339263671875 0.310933841796875 0.217779955078125 0.307783515625 0.20536637890625
1 0.216188529296875 0.377999658203125 0.215127783203125 0.372394970703125 0.21289149609375 0.372034275390625 0.209533017578125 0.3745727578125 0.204519349609375 0.37442165234375 0.200968912109375 0.379594060546875 0.196720205078125 0.380639212890625 0.1939613984375 0.38583548046875 0.18911825 0.389795724609375 0.187151076171875 0.395015849609375 0.18397121484375 0.39550661328125 0.17981300390625 0.404180310546875 0.17580149609375 0.406405814453125 0.174362076171875 0.41164184765625 0.17010003125 0.413273197265625 0.167287876953125 0.42081426171875 0.163513576171875 0.424220119140625 0.158196021484375 0.425819658203125 0.146177705078125 0.42017802734375 0.144636828125 0.435676525390625 0.142320517578125 0.438833025390625 0.13755739453125 0.4392760703125 0.13587266796875 0.4494908203125 0.139861189453125 0.474339947265625 0.16207153515625 0.475009337890625 0.162969134765625 0.465559111328125 0.16718593359375 0.460113486328125 0.170011419921875 0.451986224609375 0.17449733203125 0.452121421875 0.1760886953125 0.4460100703125 0.1789727734375 0.441110880859375 0.182917591796875 0.441816373046875 0.1844236953125 0.43364934375 0.1892535078125 0.430275298828125 0.19207899609375 0.4221480390625 0.19578661328125 0.421673177734375 0.1991531953125 0.41297562109375 0.2026369453125 0.4107342109375 0.205641052734375 0.400559224609375 0.20971924609375 0.39540272265625 0.216188529296875 0.377999658203125
1 0.2904218046875 0.469400376953125 0.2881936171875 0.462880607421875 0.287615380859375 0.453477556640625 0.28438503125 0.444581173828125 0.28375344140625 0.437522923828125 0.27472876171875 0.4105605625 0.270698681640625 0.407799396484375 0.26890202734375 0.417130869140625 0.269330697265625 0.44471405859375 0.27146266015625 0.46706916796875 0.273981400390625 0.472424490234375 0.2738459453125 0.478378080078125 0.291353919921875 0.478905748046875 0.291013384765625 0.4782172265625 0.2904218046875 0.469400376953125