1 0 0 0 0.384689728515625 0.025122548828125 0.396109068359375 0.0986519609375 0.396109068359375 0.19178921484375 0.332383578125 0.23590686328125 0.21963848046875 0.6296875 0.101840853515625 0.6296875 0 0 0
1 0.724554060546875 0.443389423828125 0.72647502734375 0.433010912109375 0.73223792578125 0.43178991015625 0.735531009765625 0.419579900390625 0.741019484375 0.4183588984375 0.744861416015625 0.40614888671875 0.754191822265625 0.4030963828125 0.763522228515625 0.410422390625 0.77202936328125 0.40553838671875 0.76969676171875 0.378371107421875 0.758445388671875 0.33807806640625 0.754191822265625 0.334109814453125 0.750624314453125 0.3243418046875 0.74623353515625 0.32739430859375 0.743077662109375 0.33807806640625 0.740882271484375 0.358224587890625 0.73635428125 0.37684485546875 0.7305913828125 0.386612865234375 0.72510291015625 0.389665369140625 0.722633095703125 0.397601876953125 0.71577250390625 0.40004387890625 0.713028265625 0.410422390625 0.708088638671875 0.412253892578125 0.705069978515625 0.4189693984375 0.69848380859375 0.42202190234375 0.6979349609375 0.4336214140625 0.692172064453125 0.436673916015625 0.68887898046875 0.4494944296875 0.683664927734375 0.451936431640625 0.679411361328125 0.46017819140625 0.67749039453125 0.46872519921875 0.67749039453125 0.46875 0.705989650390625 0.46875 0.7094607578125 0.458651939453125 0.715223654296875 0.456820435546875 0.719065587890625 0.44461042578125 0.724554060546875 0.443389423828125
1 0.912671513671875 0 0.912671513671875 0.0120707421875 0.91459248046875 0.021228251953125 0.91349478515625 0.03221726171875 0.914866904296875 0.03954326953125 0.913769208984375 0.05175328125 0.915415751953125 0.0902148203125 0.91431805859375 0.098151328125 0.91678787109375 0.107308837890625 0.916513447265625 0.11707684765625 0.918434412109375 0.123792353515625 0.9187088359375 0.136002365234375 0.921178650390625 0.143938873046875 0.92172749609375 0.15004387890625 0.92611827734375 0.151264880859375 0.9291369375 0.129897359375 0.93215559765625 0.123181853515625 0.932430021484375 0.107919337890625 0.934076564453125 0.099982830078125 0.93215559765625 0.08777281640625 0.935174259765625 0.08044680859375 0.93215559765625 0.069457798828125 0.935174259765625 0.060300291015625 0.932430021484375 0.050532279296875 0.93462541015625 0.04137476953125 0.932978869140625 0.021228251953125 0.9348998359375 0.011460240234375 0.93215559765625 0.00108173046875 0.93226539453125 0 0.912671513671875 0
1 0.567907001953125 0.63731744140625 0.593680197265625 0.60810781640625 0.58594823828125 0.5883483671875 0.369923689453125 0.46875 0.24823529296875 0.46875 0.4433365546875 0.57803908984375 0.50347401171875 0.60381228515625 0.55502040234375 0.63645833203125 0.567907001953125 0.63731744140625
1 0 0.677970322265625 0.4055358671875 0.839207474609375 0.4338863828125 0.855530498046875 0.432168169921875 0.874430841796875 0.43990012890625 0.883881013671875 0.45622315234375 0.88474012109375 0.473405283203125 0.870994416015625 0.4905874140625 0.829757302734375 0.492305626953125 0.8005476796875 0.479419029296875 0.78766108203125 0.46567332421875 0.785942869140625 0.455364046875 0.79968857421875 0.44677298046875 0.79968857421875 0.403817654296875 0.782506443359375 0.36429875390625 0.77563358984375 0.321343427734375 0.7584514609375 0.30759772265625 0.74298754296875 0.276669888671875 0.72924183984375 0 0.61621924609375 0 0.677970322265625
1 0.24917848046875 0.579757302734375 0.2337145625 0.583193728515625 0.22512349609375 0.574602662109375 0.209659580078125 0.583193728515625 0.19419566015625 0.576320876953125 0.1555358671875 0.58748926171875 0.201068513671875 0.620994416015625 0.40725408203125 0.67941366015625 0.432168169921875 0.71979166796875 0.440759236328125 0.72150987890625 0.46309600390625 0.668245275390625 0.473405283203125 0.614980669921875 0.469109751953125 0.60381228515625 0.417563359375 0.62786726953125 0.378044458984375 0.620994416015625 0.3728898203125 0.612403349609375 0.355707689453125 0.61583977734375 0.347116623046875 0.605530498046875 0.3350891328125 0.61068513671875 0.323061640625 0.600375859375 0.311034150390625 0.60381228515625 0.299006658203125 0.593503005859375 0.28697916796875 0.59865764453125 0.27495167578125 0.586630154296875 0.25605133203125 0.59006658203125 0.24917848046875 0.579757302734375
1 0.330793599609375 0.694018470703125 0.31532968359375 0.73869201171875 0.3350891328125 0.73611469140625 0.374608033203125 0.772197166015625 0.387494630859375 0.774774484375 0.4081131875 0.75931056640625 0.41842246484375 0.7301009453125 0.365157861328125 0.690582044921875 0.36687607421875 0.6733999140625 0.355707689453125 0.665667955078125 0.330793599609375 0.694018470703125
1 0.14522658984375 0.779929123046875 0.09797573046875 0.753296822265625 0.061893255859375 0.74986039453125 0.05072487109375 0.755874140625 0.0661887890625 0.78336555078125 0.049006658203125 0.82116623828125 0.049006658203125 0.84865764453125 0.068766107421875 0.861544244140625 0.0850891328125 0.862403349609375 0.10055305078125 0.843503005859375 0.109144115234375 0.79711125390625 0.13921284375 0.789379294921875 0.14522658984375 0.779929123046875
1 0.6228898203125 0.671681701171875 0.616016966796875 0.687145619140625 0.610862328125 0.836630154296875 0.573061640625 0.87958548046875 0.6296875 0.89025412109375 0.6296875 0.610877458984375 0.6177351796875 0.63731744140625 0.624608033203125 0.64590850390625 0.616016966796875 0.66309063671875 0.6228898203125 0.671681701171875
1 0.364255798828125 1 0.35227126171875 0.9990012890625 0 0.85149854296875 0 0.9153662734375 0.207737330078125 1 0.364255798828125 1
1 0.798007947265625 0.610217998046875 0.791994201171875 0.616231744140625 0.78512134765625 0.63685030078125 0.754193513671875 0.676369201171875 0.6296875 0.821626216796875 0.6296875 0.930471076171875 0.85384987109375 0.657468857421875 0.855568083984375 0.64372315234375 0.81862650390625 0.6119362109375 0.798007947265625 0.610217998046875
1 1 0.6391527734375 0.99560244921875 0.63942762109375 0.98615227734375 0.65231421875 0.96209729296875 0.784616623046875 0.905803912109375 1 0.991404568359375 1 0.99817976953125 0.9753382734375 0.99989798046875 0.94784686328125 1 0.94745103125 1 0.6391527734375