1 0.26875 0.31552646484375 0.223704955078125 0.360571509765625 0.223704955078125 0.43264358203125 0.282263513671875 0.477688626953125 0.28771498828125 0.4796875 0.5296875 0.4796875 0.5296875 0.288758447265625 0.462443693359375 0.342553490234375 0.33631756640625 0.311021958984375 0.26875 0.31552646484375
1 0.6591796875 0.302734375 0.259765625 0.076171875
1 0.548279494140625 0.19565358203125 0.55165028125 0.187316037109375 0.550526685546875 0.18099971484375 0.55502106640625 0.17518869921875 0.551088482421875 0.172156865234375 0.553335673828125 0.16659850390625 0.547717697265625 0.159776876953125 0.55165028125 0.155229125 0.54490870703125 0.148912802734375 0.545470505859375 0.14588096875 0.54940308984375 0.143101787109375 0.543223314453125 0.140069953125 0.541537921875 0.137038119140625 0.543223314453125 0.133248326171875 0.547717697265625 0.131479755859375 0.542942416015625 0.13059547265625 0.538167134765625 0.12768996484375 0.538167134765625 0.123647517578125 0.541537921875 0.119605072265625 0.5364817421875 0.11606793359375 0.5364817421875 0.111014875 0.541537921875 0.1011614140625 0.547717697265625 0.09560305078125 0.561200841796875 0.0877708125 0.55867275390625 0.086128568359375 0.550807583984375 0.08461265234375 0.5296875 0.084031130859375 0.5296875 0.19470309765625 0.531987359375 0.197169498046875 0.538167134765625 0.198938068359375 0.542942416015625 0.1988117421875 0.548279494140625 0.19565358203125
1 0.275 0.828237951171875 0.352702703125 0.810165662109375 0.40337837890625 0.755948794921875 0.45743243359375 0.64149096484375 0.484459458984375 0.514984939453125 0.4818201015625 0.4796875 0.17691728515625 0.4796875 0.23108108203125 0.56920180859375 0.21756756640625 0.64149096484375 0.23108108203125 0.774021083984375 0.275 0.828237951171875
1 0.12733847265625 1 0.190540541015625 0.93064758984375 0.19391891796875 0.846310240234375 0.05572472265625 0.4796875 0 0.4796875 0 0.839344880859375 0.031756755859375 0.9366716875 0.067271958984375 1 0.12733847265625 1
1 0.659928796875 0.897211234375 0.672587025390625 0.86873022265625 0.674169302734375 0.833920095703125 0.68524525390625 0.82284414453125 0.68049841796875 0.807021361328125 0.68999208984375 0.79910996875 0.683662974609375 0.786451740234375 0.69315664453125 0.77379351171875 0.701068037109375 0.74373022265625 0.740625 0.715249208984375 0.72559335546875 0.697053005859375 0.6828718359375 0.68914161328125 0.663884494140625 0.679647943359375 0.64489715234375 0.6780656640625 0.629865505859375 0.68518591796875 0.655181962890625 0.73423655078125 0.645688291015625 0.75164161328125 0.6472705703125 0.7674643984375 0.6377768984375 0.775375791015625 0.63619462109375 0.811768197265625 0.628283228515625 0.81809730859375 0.63144778515625 0.833920095703125 0.62195411328125 0.843413765625 0.625118669921875 0.85923655078125 0.61720727734375 0.8655656640625 0.6203718359375 0.878223892578125 0.612460443359375 0.887717564453125 0.61404272265625 0.90354034765625 0.60929588671875 0.90828718359375 0.6108781640625 0.938350474609375 0.623536392578125 0.968413765625 0.63935917578125 0.94151503125 0.655181962890625 0.933603638671875 0.65359968359375 0.92252769140625 0.6646756328125 0.909869462890625 0.659928796875 0.897211234375
1 0.72480221484375 0.67410996875 0.731131330078125 0.64879351171875 0.722428796875 0.64009098046875 0.5296875 0.58180601171875 0.5296875 0.6361136015625 0.53255537890625 0.636926423828125 0.696321203125 0.68993275390625 0.714517404296875 0.685977056640625 0.72480221484375 0.67410996875
1 0.808647369140625 1 0.90834651953125 0.5000593359375 0.90834651953125 0.4796875 0.858019275390625 0.4796875 0.856131330078125 0.482654271484375 0.81024525390625 0.7231606015625 0.79125791015625 0.791198576171875 0.75488605078125 1 0.808647369140625 1
1 0.62767219921875 1 0.625118669921875 0.96999604296875 0.585561708984375 0.90828718359375 0.5839794296875 0.8924643984375 0.54284019140625 0.81967958984375 0.55549841796875 0.76904667578125 0.549960443359375 0.763508703125 0.5296875 0.76688752734375 0.5296875 0.904938970703125 0.5396756328125 0.91778085546875 0.53809335546875 0.93043908203125 0.549169302734375 0.936768197265625 0.549169302734375 0.951008703125 0.56024525390625 0.958920095703125 0.56024525390625 0.9731606015625 0.571321203125 0.97948971484375 0.571321203125 0.992147943359375 0.58239715234375 0.998477056640625 0.58279792578125 1 0.62767219921875 1
1 1 0.78523402734375 0.963726265625 0.7136669296875 0.977966771484375 0.683603638671875 0.9597705703125 0.66698971484375 0.936036392578125 0.670154271484375 0.8964794296875 0.68914161328125 0.884612341796875 0.70259098046875 0.884612341796875 0.71999604296875 0.8964794296875 0.728698576171875 0.9146756328125 0.731071994140625 1 0.91711760546875 1 0.78523402734375
1 0.719264240234375 0.73344541015625 0.70265031640625 0.742147943359375 0.694738923828125 0.77062895703125 0.7002768984375 0.77933148828125 0.76989715234375 0.78249604296875 0.784928796875 0.79752769140625 0.79125791015625 0.7943631328125 0.79442246875 0.77379351171875 0.78730221484375 0.71604034765625 0.75090980859375 0.73819224609375 0.719264240234375 0.73344541015625