1 0.937644400390625 0.619947705078125 0.927082587890625 0.637452958984375 0.9188276875 0.640809078125 0.918296279296875 0.65805087890625 0.912912091796875 0.670877095703125 0.908148771484375 0.676566162109375 0.90078133203125 0.677142515625 0.901965990234375 0.693624603515625 0.893001953125 0.71131759765625 0.883149275390625 0.714485978515625 0.884452220703125 0.730020619140625 0.876760525390625 0.74834378515625 0.867174439453125 0.75586955078125 0.86788535546875 0.767489244140625 0.85010440234375 0.790875685546875 0.837263912109375 0.80282579296875 0.79823808203125 0.81890925 0.795694587890625 0.83495328515625 0.7967603671875 0.8437306328125 0.809751533203125 0.87169411328125 0.8545517578125 0.92406408203125 0.8670385703125 0.93226069921875 0.876210943359375 0.93237709765625 0.8813885703125 0.927698056640625 0.885293265625 0.91373665625 0.884165087890625 0.85784598828125 0.895641416015625 0.80055230078125 0.902001923828125 0.786398779296875 0.9126237734375 0.78139808203125 0.912740876953125 0.763146255859375 0.91845050390625 0.74987760546875 0.929072353515625 0.744876908203125 0.931853013671875 0.73559016796875 0.931023810546875 0.724917923828125 0.93433706640625 0.71569376171875 0.9468226953125 0.706585998046875 0.949366779296875 0.69919415234375 0.947294662109375 0.685491828125 0.948536984375 0.679869716796875 0.953418595703125 0.673233201171875 0.961466341796875 0.669372072265625 0.964631884765625 0.663495267578125 0.964098107421875 0.64612830859375 0.968180533203125 0.635071830078125 0.9705290234375 0.63270941015625 0.98032025 0.554285068359375 0.976841314453125 0.553876298828125 0.96660803125 0.57191885546875 0.958885728515625 0.575337552734375 0.95651937109375 0.5856343203125 0.94554325 0.602129548828125 0.937524927734375 0.6035907734375 0.93912330078125 0.612430701171875 0.937644400390625 0.619947705078125
1 0.2769820601851852 0.9154513888888889 0.02452256944444442 0.029991319444444553
1 0.0908203125 0.8737630208333333 0.034794560185185175 0.04395254629629619
1 0.5341435185185185 0.8086877893518518 0.03038194444444442 0.03016493055555558
1 0.6489076967592593 0.7720052083333333 0.01526331018518512 0.04337384259259247
1 0.29419849537037035 0.7673611111111112 0.02647569444444442 0.03004918981481497
1 0.28678385416666663 0.9939525462962963 0.02756076388888884 0.006669560185185164
1 0.3896846064814815 0.5648871527777778 0.02654803240740744 0.03200231481481475
1 0.4240451388888889 0.5346209490740741 0.02647569444444442 0.030049189814814747
1 0.45265480324074076 0.5012514467592593 0.02416087962962965 0.020225694444444553
1 0.81358750390625 0.28584354296875 0.81835082421875 0.280154474609375 0.8277597734375 0.278375974609375 0.831339623046875 0.27350919921875 0.836486640625 0.253925689453125 0.8517535234375 0.244183375 0.857610271484375 0.218915173828125 0.867255205078125 0.20658959375 0.888259951171875 0.163874337890625 0.8851232421875 0.15869904296875 0.8716018515625 0.165281740234375 0.851127919921875 0.18210300390625 0.844085919921875 0.182236923828125 0.83958919140625 0.192283376953125 0.827932171875 0.2034111953125 0.8198838359375 0.19862013671875 0.817605751953125 0.20171717578125 0.817369767578125 0.21226426171875 0.81094981640625 0.22256541015625 0.803494103515625 0.230341490234375 0.794558310546875 0.22833019921875 0.792103677734375 0.2458266953125 0.785269423828125 0.25511781640625 0.7827841875 0.25770984375 0.773019779296875 0.253678494140625 0.76949996484375 0.271049833984375 0.758227830078125 0.285587587890625 0.74875944140625 0.283513712890625 0.746423099609375 0.300062763671875 0.736038419921875 0.31182075390625 0.727398640625 0.311766935546875 0.72328679296875 0.325223322265625 0.719825234375 0.329142654296875 0.70970806640625 0.3339966484375 0.690859974609375 0.48496334765625 0.7001899765625 0.4950711953125 0.709421197265625 0.490387775390625 0.71205414453125 0.484448390625 0.721281810546875 0.42785183203125 0.731694732421875 0.3963895546875 0.74595408984375 0.3644178828125 0.75113171875 0.359738841796875 0.76036353125 0.363707609375 0.7705993125 0.33799259765625 0.784801599609375 0.336777314453125 0.78796714453125 0.3309005078125 0.790332908203125 0.31195155078125 0.795392248046875 0.30821995703125 0.8072275859375 0.308649251953125 0.811044009765625 0.301887578125 0.81358750390625 0.28584354296875
1 0.665651021484375 0.03236041796875 0.59346468359375 0.0877294140625 0.253133958984375 0.46884138671875 0.4385576484375 0.490628490234375 0.71847605078125 0.18197268359375 0.728645119140625 0.13013116796875 0.706460369140625 0.04134037890625 0.701609099609375 0.03658545703125 0.665651021484375 0.03236041796875