1 0.66101559765625 1 0.659893232421875 0.933726853515625 0.248208484375 0.794139033203125 0.2003348828125 0.6751639140625 0.102332447265625 0.604919625 0.03121038671875 0.6019146015625 0.05096230078125 0.982844388671875 0.45699623828125 1 0.66101559765625 1
1 0.70531682421875 0.563936751953125 0.709886310546875 0.57267913671875 0.715352939453125 0.575443240234375 0.719003818359375 0.5888964296875 0.725052095703125 0.592318388671875 0.725826931640625 0.604383494140625 0.732731580078125 0.607841640625 0.73598967578125 0.614945408203125 0.74116011328125 0.61706371484375 0.7441971484375 0.627957837890625 0.751376521484375 0.630794310546875 0.754085166015625 0.63914142578125 0.759847986328125 0.642551328125 0.7660143203125 0.65294438671875 0.77105171875 0.672472341796875 0.77368955859375 0.693482119140625 0.777160142578125 0.704711201171875 0.781781130859375 0.70807285546875 0.785320361328125 0.698089873046875 0.789675193359375 0.694157537109375 0.80067061328125 0.652825466796875 0.80261940234375 0.62472673046875 0.793684349609375 0.619282953125 0.78410757421875 0.62647770703125 0.774348345703125 0.622898951171875 0.770137287109375 0.610055376953125 0.7644066640625 0.608546681640625 0.76076651953125 0.595727232421875 0.75475044140625 0.594206474609375 0.752569779296875 0.583348537109375 0.746839158203125 0.58183984375 0.74262809765625 0.56899626953125 0.73660128515625 0.56684177734375 0.732813087890625 0.55620683203125 0.703167927734375 0.554954275390625 0.703168365234375 0.554980021484375 0.70531682421875 0.563936751953125
1 0.975789203125 1 0.978393359375 0.990274740234375 0.9750923359375 0.980636029296875 0.978039181640625 0.969361451171875 0.974770357421875 0.96162394921875 0.976553908203125 0.949033654296875 0.974701638671875 0.94072272265625 0.9741478671875 0.92486726171875 0.97088976953125 0.917763494140625 0.967374091796875 0.8954500625 0.962828232421875 0.896524556640625 0.96236464453125 0.90283779296875 0.959935044921875 0.9109678125 0.9598642421875 0.92363047265625 0.95798409765625 0.930517138671875 0.958441275390625 0.940668978515625 0.956033146484375 0.950066466796875 0.9573145 0.958353279296875 0.956277908203125 0.998206279296875 0.9564691484375 1 0.975789203125 1
1 0.613537955078125 0.406609060546875 0.5862149609375 0.375154986328125 0.57282531640625 0.37548041796875 0.51978025390625 0.407103466796875 0.457677869140625 0.43121450390625 0.256653232421875 0.53608828125 0.3832345078125 0.541436552734375 0.60584248046875 0.42678072265625 0.613537955078125 0.406609060546875
1 0.477257810546875 0.216379716796875 0.491525998046875 0.21520023828125 0.504704197265625 0.202389556640625 0.502403390625 0.171992712890625 0.483805447265625 0.128430970703125 0.4656908046875 0.1134069453125 0.448726564453125 0.11358134375 0.440849849609375 0.12305136328125 0.44296941796875 0.142746560546875 0.4137659375 0.15844480859375 0.022203609375 0.298199552734375 0.02328409375 0.361999734375 0.281651681640625 0.26693195703125 0.313581421875 0.25402239453125 0.327607958984375 0.238574060546875 0.3719883828125 0.22262589453125 0.4129754453125 0.217228337890625 0.457355865234375 0.20128017578125 0.46629236328125 0.201657759765625 0.477257810546875 0.216379716796875
1 0.344504091796875 0.392568431640625 0.357105806640625 0.398447869140625 0.365861064453125 0.3881238046875 0.38379446875 0.392446185546875 0.38900533984375 0.383754697265625 0.429992396484375 0.378357142578125 0.484034267578125 0.405593138671875 0.488306173828125 0.394188482421875 0.476645984375 0.338443552734375 0.452474703125 0.282170009765625 0.44356841015625 0.283576033203125 0.418362416015625 0.324395822265625 0.204913501953125 0.375976509765625 0.158139087890625 0.408755671875 0.1985496640625 0.422048236328125 0.214514537109375 0.415593455078125 0.230751259765625 0.425191142578125 0.239536728515625 0.41665068359375 0.255682833984375 0.420897546875 0.26265079296875 0.410497966796875 0.2823715 0.41489586328125 0.29467115234375 0.4029392265625 0.307272865234375 0.408818662109375 0.319602724609375 0.3986456328125 0.33217423046875 0.402741462890625 0.344504091796875 0.392568431640625
1 0.382772591796875 0.22664620703125 0.342299037109375 0.2623650859375 0.321699783203125 0.258821236328125 0.338570841796875 0.305874677734375 0.364985083984375 0.336399189453125 0.376466599609375 0.328863810546875 0.3743772421875 0.310952220703125 0.42908877734375 0.2722702578125 0.4178514765625 0.24149583203125 0.39613202734375 0.22453716796875 0.382772591796875 0.22664620703125
1 0.043218482421875 0.161503037109375 0.061756013671875 0.201497568359375 0.0461536171875 0.229355638671875 0.05787678515625 0.23608912109375 0.095349658203125 0.234107751953125 0.1440321953125 0.208538537109375 0.137610513671875 0.19846438671875 0.10619684765625 0.189116619140625 0.096444783203125 0.140581634765625 0.0800268203125 0.1202823046875 0.063062578125 0.120456703125 0.042735181640625 0.1329653203125 0.043218482421875 0.161503037109375
1 0.6273935234375 0.1701444296875 0.63538336328125 0.325544828125 0.642804416015625 0.341899361328125 0.63580625 0.350515333984375 0.645044806640625 0.368728990234375 0.638046640625 0.3773449609375 0.650944359375 0.405316546875 0.646032912109375 0.1153069375 0.587317779296875 0.123892884765625 0.6273935234375 0.1701444296875
1 0.01914311328125 0.117484328125 0.32338605078125 0.002395453125 0.155272251953125 0.0011501640625 0.01802559765625 0.051497728515625 0.01914311328125 0.117484328125
1 0.812171326171875 0.385186591796875 0.819682998046875 0.406891947265625 0.826044267578125 0.413398880859375 0.84746165234375 0.41252146875 0.88532977734375 0.381148333984375 0.883300828125 0.366803958984375 0.6453258984375 0.07355933984375 0.647239390625 0.18654678515625 0.779305193359375 0.34280432421875 0.812171326171875 0.385186591796875
1 1 0.02452543359375 0.9335834921875 0.0217192265625 0.993665427734375 0.239574537109375 1 0.2716306640625 1 0.02452543359375