1 0.151911568359375 0 0.14111258984375 0.038548259765625 0.095013298828125 0.038548259765625 0.087921099609375 0.089181169921875 0.11628989453125 0.13981408203125 0.11274379296875 0.20310522265625 0 0.343721166015625 0 0.509375 0.14234940234375 0.509375 0.2191267734375 0.41196598046875 0.240403369140625 0.424624208984375 0.265226064453125 0.500573576171875 0.31132535546875 0.481586234375 0.36097074609375 0.418295095703125 0.38224733984375 0.35500395703125 0.36451684375 0.196776107421875 0.31132535546875 0.0575356015625 0.268909224609375 0 0.151911568359375 0
1 0.55098459375 0 0.4796875 0.075280169921875 0.4796875 0.1515192265625 0.63393680078125 0 0.55098459375 0
1 0.63835409765625 0 0.63425560546875 0.00472902734375 0.644222384765625 0.03296823046875 0.97146491015625 0.50472902734375 0.971658490234375 0.509375 1 0.509375 1 0.445930232421875 0.9963818515625 0.44160610546875 0.68758961328125 0 0.63835409765625 0
1 0.640900125 0.12100809765625 0.62844165234375 0.05871573828125 0.581099458984375 0.067851951171875 0.589405107421875 0.125991486328125 0.640900125 0.12100809765625
1 0.71066756640625 0.42997819921875 0.7090064375 0.446589494140625 0.765484841796875 0.478150955078125 0.77877387890625 0.46486191796875 0.78874065625 0.43330045703125 0.7463818515625 0.409214078125 0.72478716796875 0.405891818359375 0.71066756640625 0.42997819921875
1 0.49305959375 0.499745638671875 0.495627423828125 0.509375 0.55592648046875 0.509375 0.4796875 0.23284716796875 0.4796875 0.424444560546875 0.48309281640625 0.42997819921875 0.49305959375 0.499745638671875
1 0 0.85636502734375 0.00182291796875 0.855844908203125 0.01848958203125 0.836400462890625 0.03125 0.805381943359375 0.03333333203125 0.78315972265625 0.03385416796875 0.7590856484375 0.03177083203125 0.7377893515625 0.02395833203125 0.71371527734375 0.01744791796875 0.70121527734375 0.00546875 0.687326388671875 0 0.684548611328125 0 0.85636502734375
1 1 0.509375 0.98547440234375 0.509375 0.9775384140625 0.51469061328125 0.89115967578125 0.56286337109375 0.86125934375 0.5894414453125 0.77986399609375 0.637614203125 0.749963662109375 0.66751453515625 0.730030107421875 0.67582018359375 0.724216154296875 0.68163413671875 0.7275384140625 0.698245431640625 0.752455357421875 0.726484634765625 0.786508513671875 0.7090427734375 0.809764326171875 0.705720515625 1 0.587258740234375 1 0.509375
1 1 0.902606669921875 0.926043396484375 0.888444767578125 0.89946532421875 0.888444767578125 0.89365137109375 0.894258720703125 0.88534572265625 0.932464701171875 0.89115967578125 0.95156769140625 0.93933243359375 0.956551080078125 0.972555025390625 0.969840115234375 1 0.97362562890625 1 0.902606669921875
1 0.56474771484375 0.552066029296875 0.571392234375 0.56535506640625 0.56142545703125 0.57698297265625 0.5630865859375 0.60522217578125 0.54481416015625 0.67000623046875 0.48999688671875 0.70488994921875 0.492488580078125 0.714026162109375 0.52405004296875 0.73063745703125 0.614581603515625 0.748079318359375 0.62704007421875 0.748909884765625 0.63285402734375 0.73811254296875 0.60959821484375 0.699906560546875 0.60461482421875 0.67000623046875 0.61292047265625 0.660039451171875 0.61790386328125 0.618511212890625 0.626209509765625 0.610205564453125 0.627870638671875 0.56867732421875 0.63783741796875 0.558710548828125 0.636176287109375 0.54542151171875 0.644481935546875 0.532132474609375 0.642820806640625 0.51718230859375 0.644950072265625 0.509375 0.58165432421875 0.509375 0.583020140625 0.5155211796875 0.57305336328125 0.5271490859375 0.57803675390625 0.54209925390625 0.56474771484375 0.552066029296875
1 0.522388912109375 0.609375 0.53900020703125 0.60771387109375 0.54979755078125 0.58528862109375 0.548136419921875 0.550404900390625 0.531724458984375 0.509375 0.4796875 0.509375 0.4796875 0.562570943359375 0.480860673828125 0.5612022421875 0.512422134765625 0.60273048046875 0.522388912109375 0.609375
1 0.88024271484375 1 0.880362333984375 0.99724875390625 0.866242732421875 0.95987333984375 0.81474771484375 0.948245431640625 0.580528447265625 0.949906560546875 0.573883927734375 0.95488994921875 0.56723941015625 0.949906560546875 0.5572726328125 0.95488994921875 0.4796875 0.9534531875 0.4796875 1 0.88024271484375 1