1 0 0.51875 0.011272283203125 0.51875 0.019094279296875 0.499899953125 0.026244703125 0.4956626640625 0.027304025390625 0.485304849609375 0.03604343359375 0.46788488671875 0.043723517578125 0.465530837890625 0.041075212890625 0.45705626171875 0.041604873046875 0.4495233046875 0.049814619140625 0.43116172265625 0.057494703125 0.42692443359375 0.055905720703125 0.409975283203125 0.05961334765625 0.396792607421875 0.0635858046875 0.39067208203125 0.070736228515625 0.38925965234375 0.06755826171875 0.373252119140625 0.074179025390625 0.354890537109375 0.08344809375 0.350653248046875 0.080270126953125 0.3355873359375 0.08556673828125 0.316754943359375 0.094041314453125 0.3082803671875 0.09192266796875 0.29698093359375 0.10648834765625 0.27202801171875 0.117611228515625 0.25884533984375 0.1538930078125 0.238600517578125 0.15442266796875 0.222592984375 0.152304025390625 0.21411841015625 0.13614936328125 0.18822387109375 0.08583156640625 0.14208451171875 0.07259004296875 0.135493173828125 0.0635858046875 0.13643479296875 0.059083685546875 0.14161369921875 0.05696504296875 0.155737994140625 0.06490995703125 0.2103519296875 0.06067266796875 0.267790724609375 0.05617055078125 0.282385828125 0.046371822265625 0.28850635546875 0.04849046484375 0.30639712890625 0.0445180078125 0.32005061328125 0.034719279296875 0.326171138671875 0.033130296875 0.3355873359375 0.03524894140625 0.345945150390625 0.033130296875 0.35536134765625 0.022007416015625 0.365719162109375 0.02041843359375 0.373252119140625 0.02412605859375 0.38643479296875 0.0235963984375 0.39208451171875 0.01962394140625 0.399146658203125 0.012208685546875 0.40385475390625 0.009825212890625 0.409975283203125 0.012473517578125 0.42692443359375 0.009825212890625 0.43822387109375 0.000291314453125 0.45046492578125 0.003469279296875 0.4740054140625 0 0.48305123828125 0 0.51875
1 0.6533203125 0.083984375 0.0205078125 0.0263671875
1 0.8408203125 0.103515625 0.029296875 0.041015625
1 0.4140625 0.2177734375 0.0263671875 0.0263671875
1 0.3056640625 0.267578125 0.0107421875 0.0419921875
1 0.654296875 0.23046875 0.0234375 0.0283203125
1 0.6337890625 0.0048828125 0.0263671875 0.009765625
1 0.5859375 0.439453125 0.021484375 0.029296875
1 0.5556640625 0.474609375 0.0234375 0.0283203125
1 0.53125 0.509765625 0.021484375 0.0185546875
1 0.277171611328125 0.612776599609375 0.270815677734375 0.64479166796875 0.260752119140625 0.6777483515625 0.25625 0.682927259765625 0.2467161015625 0.68010240234375 0.2398305078125 0.70646775 0.226059322265625 0.709292607421875 0.22367584765625 0.71541313671875 0.22367584765625 0.73424552734375 0.219173728515625 0.73848281640625 0.207521185546875 0.73942443359375 0.20460805078125 0.74648658203125 0.204078388671875 0.762494115234375 0.20010593359375 0.768614642578125 0.1911016953125 0.771439501953125 0.18818855859375 0.77661841015625 0.18554025390625 0.796392419921875 0.17176906640625 0.80769185546875 0.16912076171875 0.833115583984375 0.16117584765625 0.8462982578125 0.145815677734375 0.89055437890625 0.1495233046875 0.8952624765625 0.16197033984375 0.887258708984375 0.179978814453125 0.868426318359375 0.18686440625 0.86748469921875 0.190042373046875 0.8571268828125 0.20010593359375 0.844885828125 0.2085805078125 0.848652306640625 0.210434322265625 0.845356638671875 0.209375 0.83499882421875 0.214406779296875 0.82417019921875 0.220762712890625 0.81569562109375 0.22976694921875 0.816637240234375 0.230031779296875 0.79921727734375 0.235593220703125 0.7893302734375 0.23771186328125 0.7865054140625 0.247775423828125 0.7893302734375 0.249099576171875 0.771910310546875 0.25836864453125 0.756373587890625 0.26790254296875 0.75731520703125 0.268167373046875 0.74083686328125 0.276906779296875 0.728125 0.28538135546875 0.72718337890625 0.28776483203125 0.713529896484375 0.29067796484375 0.709292607421875 0.3 0.70337385546875 0.3 0.553335841796875 0.28961864453125 0.544509181640625 0.28114406640625 0.5501588984375 0.27929025390625 0.55627942578125 0.277171611328125 0.612776599609375
1 0.37369791796875 1 0.444067029296875 0.931209416015625 0.730995318359375 0.51875 0.54659246484375 0.51875 0.31000905859375 0.853287337890625 0.30638587109375 0.905235388671875 0.33899456640625 0.98965097265625 0.352468296875 1 0.37369791796875 1