1 0.231419087890625 0.270638369140625 0.22991608203125 0.25013926171875 0.234425099609375 0.24122660546875 0.228663576171875 0.23454211328125 0.2249060625 0.22429255859375 0.22440505859375 0.21092357421875 0.2269100703125 0.19844585546875 0.22390405859375 0.18151180859375 0.228914078125 0.136948529296875 0.244946142578125 0.0959503125 0.24544714453125 0.08347259375 0.2386836171875 0.0732230390625 0.227160572265625 0.0732230390625 0.18708041015625 0.0839182265625 0.165036322265625 0.0946134140625 0.148252755859375 0.110210560546875 0.14624874609375 0.118231951171875 0.14674975 0.128035873046875 0.150507263671875 0.136502896484375 0.175807865234375 0.16903408984375 0.19083792578125 0.21448863671875 0.191338927734375 0.22072749609375 0.18682991015625 0.23766154296875 0.19634894921875 0.24924799609375 0.197851955078125 0.263508244140625 0.191338927734375 0.277768494140625 0.194094439453125 0.284452986328125 0.20035696484375 0.290246212890625 0.201859970703125 0.297376337890625 0.201859970703125 0.3062889921875 0.195346943359375 0.3205492421875 0.205867986328125 0.3348094921875 0.20636898828125 0.3472872109375 0.2033629765625 0.357091130859375 0.212882013671875 0.382046568359375 0.21037700390625 0.398980615234375 0.2113790078125 0.40432820703125 0.22039704296875 0.41591466015625 0.22390405859375 0.42750111328125 0.22440505859375 0.44443516015625 0.230417083984375 0.45423908203125 0.238433115234375 0.48632464453125 0.2424411328125 0.49167223828125 0.244946142578125 0.45691287890625 0.24344313671875 0.42839237890625 0.2464491484375 0.41413212890625 0.24344313671875 0.376698974609375 0.246950150390625 0.370460115234375 0.246950150390625 0.364221255859375 0.242942134765625 0.360656193359375 0.23993612109375 0.3455046796875 0.2424411328125 0.3214405078125 0.23743111328125 0.3169841796875 0.2349261015625 0.3071802578125 0.234425099609375 0.292028744140625 0.238433115234375 0.282224822265625 0.23768161328125 0.277322861328125 0.23367359765625 0.276431595703125 0.231419087890625 0.270638369140625
1 0.748046875 0.384765625 0.0576171875 0.087890625
1 0.9814453125 0.412109375 0.037109375 0.08984375
1 0.62890625 0.154296875 0.052734375 0.078125
1 0 0.7590983515625 0.35 0.67971691015625 0.35 0.54375 0.3143778671875 0.54375 0 0.60404164453125 0 0.7590983515625
1 0.871040412109375 1 0.87452712890625 0.97697682421875 0.867673185546875 0.94269046484375 0.847111099609375 0.91183269140625 0.80770028125 0.88783241015625 0.742824779296875 0.89268021875 0.70146248828125 0.91868998828125 0.668905873046875 0.971833818359375 0.67231829296875 1 0.871040412109375 1
1 0.52645806640625 0.742508837890625 0.527743412109375 0.72837001953125 0.53931153515625 0.7180872421875 0.52645806640625 0.69495099609375 0.5405968828125 0.674385443359375 0.52517271875 0.65510523828125 0.52645806640625 0.64353711328125 0.53545549609375 0.635825033203125 0.520031330078125 0.61911551953125 0.518745982421875 0.60369135546875 0.52388737109375 0.59083788671875 0.513604595703125 0.5715576796875 0.507177859375 0.529141228515625 0.49882310546875 0.52464251171875 0.48404161328125 0.57027233203125 0.482756265625 0.59983531640625 0.473758837890625 0.611403439453125 0.47632953125 0.63453968359375 0.464761408203125 0.65253454296875 0.47247348828125 0.66410266796875 0.471188142578125 0.684668220703125 0.463476060546875 0.69238030078125 0.471188142578125 0.702663078125 0.471188142578125 0.724513978515625 0.460905365234375 0.7360821015625 0.471188142578125 0.74507953125 0.471188142578125 0.764359736328125 0.463476060546875 0.773357166015625 0.471188142578125 0.78621063671875 0.471188142578125 0.80420549609375 0.460905365234375 0.81705896484375 0.469902794921875 0.82348569921875 0.469902794921875 0.84790729296875 0.46219071484375 0.85690472265625 0.469902794921875 0.863331458984375 0.471188142578125 0.88646770703125 0.464761408203125 0.895465134765625 0.460905365234375 0.91731603515625 0.415918220703125 0.964873875 0.413347525390625 0.97515665234375 0.417846240234375 0.983511408203125 0.4371264453125 0.99122348828125 0.527743412109375 0.994436857421875 0.55409302734375 0.99122348828125 0.56887451953125 0.97515665234375 0.571445212890625 0.962303181640625 0.536740841796875 0.92374276953125 0.52517271875 0.894179787109375 0.53545549609375 0.878755623046875 0.52517271875 0.863331458984375 0.52517271875 0.8517633359375 0.53931153515625 0.83762451953125 0.52517271875 0.820915005859375 0.52645806640625 0.8093468828125 0.53931153515625 0.796493412109375 0.52645806640625 0.78363994140625 0.52645806640625 0.77078647265625 0.53931153515625 0.757933001953125 0.52645806640625 0.742508837890625
1 0.4164359296875 1 0.3760724609375 0.95459109765625 0.36193364453125 0.921172076171875 0.37093107421875 0.90574791015625 0.36193364453125 0.89160909375 0.36193364453125 0.87747027734375 0.373501767578125 0.8671875 0.373501767578125 0.860760763671875 0.36193364453125 0.849192640625 0.36193364453125 0.83762451953125 0.373501767578125 0.824771046875 0.36193364453125 0.8093468828125 0.36193364453125 0.797778759765625 0.373501767578125 0.7849252890625 0.36193364453125 0.766930431640625 0.363218990234375 0.75536230859375 0.373501767578125 0.74507953125 0.363218990234375 0.72837001953125 0.363218990234375 0.715516548828125 0.3760724609375 0.70394842578125 0.36193364453125 0.683382873046875 0.3760724609375 0.66153197265625 0.363218990234375 0.64739315625 0.363218990234375 0.635825033203125 0.3760724609375 0.62168621484375 0.363218990234375 0.604976703125 0.364504337890625 0.593408580078125 0.3760724609375 0.57926976171875 0.36578968359375 0.57027233203125 0.363218990234375 0.559989556640625 0.37735780859375 0.53942400390625 0.36578968359375 0.529141228515625 0.364923748046875 0.51875 0.35 0.51875 0.35 1 0.4164359296875 1
1 0.6382832578125 0.558704208984375 0.6472806875 0.57284302734375 0.64599533984375 0.592123232421875 0.640853953125 0.598549966796875 0.64599533984375 0.608832744140625 0.64599533984375 0.63068364453125 0.6382832578125 0.63968107421875 0.64599533984375 0.649963849609375 0.64599533984375 0.6692440546875 0.6382832578125 0.67952683203125 0.644709994140625 0.6872389140625 0.64599533984375 0.709089814453125 0.63699791015625 0.71937258984375 0.64599533984375 0.732226060546875 0.64599533984375 0.75022091796875 0.640853953125 0.7605036953125 0.64599533984375 0.788781330078125 0.640853953125 0.8029201484375 0.64599533984375 0.813202923828125 0.643424646484375 0.838909865234375 0.649851380859375 0.849192640625 0.643424646484375 0.87747027734375 0.649851380859375 0.895465134765625 0.643424646484375 0.91088930078125 0.64599533984375 0.937881587890625 0.640853953125 0.95716179296875 0.6504940546875 0.97837001953125 0.676843669921875 0.97901269140625 0.689697140625 0.944308322265625 0.711548041015625 0.913459994140625 0.69997991796875 0.878755623046875 0.708977345703125 0.86590215234375 0.69997991796875 0.849192640625 0.69997991796875 0.83762451953125 0.711548041015625 0.82605639453125 0.69997991796875 0.8093468828125 0.69997991796875 0.796493412109375 0.71026269140625 0.787495982421875 0.711548041015625 0.77978390234375 0.701265263671875 0.769501125 0.69997991796875 0.757933001953125 0.71026269140625 0.74507953125 0.701265263671875 0.729655365234375 0.701265263671875 0.715516548828125 0.714118734375 0.702663078125 0.701265263671875 0.684668220703125 0.702550611328125 0.674385443359375 0.714118734375 0.660246626953125 0.702550611328125 0.64867850390625 0.702550611328125 0.635825033203125 0.714118734375 0.622971560546875 0.702550611328125 0.607547396484375 0.702550611328125 0.59469392578125 0.714118734375 0.583125802734375 0.702550611328125 0.56641629296875 0.702550611328125 0.55484816796875 0.71540408203125 0.54199469921875 0.702550611328125 0.526570533203125 0.702550611328125 0.51875 0.639677056640625 0.51875 0.63956860546875 0.518858451171875 0.64599533984375 0.526570533203125 0.6472806875 0.5471360859375 0.6382832578125 0.558704208984375
1 0.66289478515625 1 0.651136728515625 0.986724775390625 0.63699791015625 0.953305751953125 0.644709994140625 0.934025546875 0.63956860546875 0.91474533984375 0.6472806875 0.894179787109375 0.6382832578125 0.88132631640625 0.6382832578125 0.86590215234375 0.649851380859375 0.85304868359375 0.63699791015625 0.83762451953125 0.63699791015625 0.822200353515625 0.643424646484375 0.813202923828125 0.63057117578125 0.797778759765625 0.629285830078125 0.782354595703125 0.634427216796875 0.77078647265625 0.626715134765625 0.75921834765625 0.616432359375 0.705233771484375 0.610648296875 0.703305751953125 0.594581458984375 0.75022091796875 0.594581458984375 0.77721320703125 0.585584029296875 0.791352025390625 0.5894400703125 0.79906410546875 0.586869376953125 0.815773619140625 0.576586599609375 0.83248312890625 0.5830133359375 0.840195212890625 0.5830133359375 0.860760763671875 0.57273055859375 0.873614236328125 0.580442640625 0.878755623046875 0.5830133359375 0.894179787109375 0.580442640625 0.9070332578125 0.571445212890625 0.913459994140625 0.580442640625 0.918601380859375 0.58172798828125 0.945593669921875 0.571445212890625 0.97515665234375 0.548465115234375 1 0.66289478515625 1
1 0.775815392578125 0.575413720703125 0.783527474609375 0.58698184375 0.782242126953125 0.607547396484375 0.77324469921875 0.61525948046875 0.782242126953125 0.62425691015625 0.782242126953125 0.64739315625 0.77324469921875 0.656390583984375 0.782242126953125 0.666673361328125 0.782242126953125 0.6872389140625 0.77324469921875 0.69752169140625 0.780956779296875 0.70394842578125 0.782242126953125 0.7180872421875 0.780956779296875 0.729655365234375 0.7719593515625 0.73736744921875 0.780956779296875 0.74507953125 0.782242126953125 0.7605036953125 0.77324469921875 0.775927859375 0.780956779296875 0.787495982421875 0.780956779296875 0.8093468828125 0.7719593515625 0.81705896484375 0.780956779296875 0.8273417421875 0.780956779296875 0.845336599609375 0.7719593515625 0.8581900703125 0.77967143359375 0.863331458984375 0.7841701484375 0.890966419921875 0.84136808984375 0.918601380859375 0.836226703125 0.89160909375 0.8452241328125 0.87747027734375 0.83494135546875 0.863331458984375 0.83494135546875 0.855619376953125 0.847794826171875 0.836339169921875 0.836226703125 0.82605639453125 0.836226703125 0.813202923828125 0.85036551953125 0.79906410546875 0.836226703125 0.782354595703125 0.838797396484375 0.769501125 0.849080173828125 0.7605036953125 0.83751205078125 0.74507953125 0.83751205078125 0.732226060546875 0.85036551953125 0.715516548828125 0.838797396484375 0.70651912109375 0.83751205078125 0.6936656484375 0.85036551953125 0.675670791015625 0.838797396484375 0.665388013671875 0.83751205078125 0.65510523828125 0.8516508671875 0.635825033203125 0.838797396484375 0.62425691015625 0.838797396484375 0.61011808984375 0.85036551953125 0.59469392578125 0.838797396484375 0.584411150390625 0.83751205078125 0.56641629296875 0.8452241328125 0.55484816796875 0.83108531640625 0.53942400390625 0.829799966796875 0.526570533203125 0.83414470703125 0.51875 0.793982619140625 0.51875 0.79381025 0.5227144921875 0.784812822265625 0.534282615234375 0.787383515625 0.55741886328125 0.775815392578125 0.575413720703125