0 0.4453125 0.3798828125 0.029296875 0.0380859375
0 0.71484375 0.22265625 0.025390625 0.037109375
0 0.6689453125 0.41796875 0.0400390625 0.0546875
0 0.5869140625 0.3740234375 0.0263671875 0.037109375
0 0.5419921875 0.3583984375 0.0283203125 0.0390625
0 0.494140625 0.400390625 0.044921875 0.060546875
0 0.552734375 0.486328125 0.04296875 0.0478515625
0 0.44140625 0.53125 0.0498046875 0.060546875
0 0.48828125 0.6591796875 0.0302734375 0.0400390625
0 0.37890625 0.6142578125 0.0283203125 0.037109375
0 0.357421875 0.626953125 0.0302734375 0.0400390625
0 0.416015625 0.73046875 0.0341796875 0.044921875
0 0.3896484375 0.802734375 0.037109375 0.048828125
0 0.5625 0.8017578125 0.046875 0.0625