0 0.45609809027777776 0.46182725694444443 0.018692129629629628 0.021874999999999978
0 0.5975405092592592 0.524609375 0.0166377314814814 0.019878472222222054
0 0.5830873842592592 0.5770833333333334 0.0185908564814814 0.01992187500000009
0 0.6010706018518518 0.43767361111111114 0.018692129629629628 0.02187500000000009
0 0.7132161458333334 0.4998046875 0.022902199074074092 0.027821180555555602
0 0.6820457175925926 0.6672743055555556 0.0166377314814814 0.019878472222222276
0 0.7086154513888889 0.6639539930555556 0.0166377314814814 0.019878472222222276
0 0.2704861111111111 0.7040798611111111 0.022800925925925863 0.02586805555555549
0 0.35907118055555554 0.6737847222222222 0.016840277777777857 0.023784722222222054
0 0.5165364583333334 0.2578559027777778 0.0185908564814814 0.01992187500000009
0 0.5331018518518519 0.2777777777777778 0.018692129629629628 0.021874999999999978
0 0.5457103587962964 0.29858940972222225 0.018793402777777857 0.02382812500000009
0 0.563353587962963 0.31657986111111114 0.018692129629629628 0.02187500000000009
0 0.37859519675925923 0.46694878472222223 0.023206018518518556 0.03368055555555549
0 0.3945601851851852 0.4418836805555556 0.02300347222222232 0.02977430555555549