0 0.5009765625 0.8251953125 0.0185546875 0.0234375
0 0.4638671875 0.7177734375 0.0185546875 0.021484375
0 0.4306640625 0.7509765625 0.0107421875 0.013671875
0 0.439453125 0.7490234375 0.01171875 0.013671875
0 0.439453125 0.818359375 0.0126953125 0.015625
0 0.4501953125 0.79296875 0.0126953125 0.017578125
0 0.5849609375 0.58203125 0.0107421875 0.013671875
0 0.5556640625 0.6748046875 0.017578125 0.0234375
0 0.5244140625 0.65234375 0.0126953125 0.0166015625
0 0.505859375 0.64453125 0.013671875 0.0185546875
0 0.4677734375 0.650390625 0.013671875 0.0146484375
0 0.486328125 0.6630859375 0.0185546875 0.0234375
0 0.5068359375 0.701171875 0.01953125 0.0166015625
0 0.478515625 0.7685546875 0.01171875 0.0166015625