1 0.2958695023148148 0.1473017939814815 0.035821759259259345 0.047005208333333326
1 0.5467086226851852 0.2187572337962963 0.04978298611111098 0.06734664351851849
1 0.4560546875 0.1587456597222222 0.033839699074074026 0.044936342592592604
1 0.40692274305555554 0.13534432870370372 0.03585069444444444 0.048958333333333326
1 0.34997106481481477 0.17685185185185184 0.05768229166666661 0.07366898148148149
1 0.4129701967592593 0.28010706018518516 0.05162037037037037 0.05964988425925921
1 0.2847149884259259 0.3164134837962963 0.06158854166666661 0.07390046296296293
1 0.3337745949074074 0.46665219907407407 0.03780381944444444 0.04907407407407405
1 0.21085069444444443 0.4018012152777778 0.035821759259259234 0.047005208333333326
1 0.18663917824074075 0.4140263310185185 0.03780381944444444 0.04907407407407405
1 0.843804265625 0.097757 0.842061013671875 0.10095821875 0.841355267578125 0.1118503046875 0.838652234375 0.11703411328125 0.82648946484375 0.1266478203125 0.82233794921875 0.119393123046875 0.820829865234375 0.120269693359375 0.8191258515625 0.12243044921875 0.81932103125 0.132900640625 0.814463521484375 0.14045615625 0.80535615625 0.1472762578125 0.798423390625 0.14336817578125 0.793918001953125 0.15723202734375 0.785084541015625 0.16852326953125 0.77969859375 0.17053440625 0.776369537109375 0.164938744140625 0.77460691796875 0.1647420703125 0.773587533203125 0.180039732421875 0.761561337890625 0.1977661953125 0.753648921875 0.200279056640625 0.753883337890625 0.209708783203125 0.751278146484375 0.216209564453125 0.750161921875 0.21764696484375 0.74882061328125 0.253215955078125 0.755270966796875 0.25505299609375 0.761812873046875 0.245856953125 0.768844232421875 0.239327625 0.777421908203125 0.2465537734375 0.782102609375 0.24759846875 0.785334326171875 0.24404091015625 0.7878419296875 0.232305037109375 0.7953041328125 0.226084998046875 0.806016669921875 0.231459669921875 0.80954216015625 0.227934890625 0.811521072265625 0.214572763671875 0.81494897265625 0.205812890625 0.819140220703125 0.204190869140625 0.8271107421875 0.21187169140625 0.83188953125 0.210315228515625 0.83525857421875 0.20311605078125 0.835631318359375 0.193231650390625 0.8378056640625 0.186421587890625 0.842623685546875 0.18382466015625 0.846697228515625 0.18532402734375 0.85037891015625 0.18939177734375 0.85511846484375 0.18887577734375 0.858487505859375 0.181676595703125 0.858801392578125 0.17335289453125 0.86150442578125 0.16816908203125 0.868790318359375 0.162712998046875 0.874548005859375 0.166489966796875 0.878954552734375 0.166981650390625 0.881363814453125 0.1617650625 0.88332311328125 0.148923166015625 0.8887289296875 0.142473673828125 0.924099513671875 0.135449505859375 0.94476098828125 0.142979126953125 0.958567669921875 0.1523559921875 0.963346458984375 0.15079952734375 0.968948451171875 0.139147716796875 0.9691848671875 0.11723243359375 0.965837193359375 0.09648449609375 0.961125103515625 0.080397119140625 0.881789509765625 0.071544818359375 0.87862729296875 0.0778724296875 0.8748472734375 0.08032396875 0.86842357421875 0.0785623671875 0.86519135546875 0.089956177734375 0.8539685 0.10202565234375 0.849522716796875 0.1025744296875 0.84531234765625 0.096880431640625 0.843804265625 0.097757
1 0.2697075078125 0.9105113046875 0.28158724609375 0.860544650390625 0.301879697265625 0.852550451171875 0.550527392578125 0.885423880859375 0.58154390625 0.858109396484375 0.57810800390625 0.8166922578125 0.53906400390625 0.79181883203125 0.2900310859375 0.769160857421875 0.282196212890625 0.711865220703125 0.208892412109375 0.667781412109375 0.1868664453125 0.721745166015625 0.121782740234375 0.7247415390625 0.11199061328125 0.851879431640625 0.180895447265625 0.88008473828125 0.19868393359375 0.938491005859375 0.223567962890625 0.941267576171875 0.23486986328125 0.906624107421875 0.2697075078125 0.9105113046875
1 0.956153533203125 0.703818498046875 0.948143560546875 0.696062677734375 0.945644353515625 0.703626173828125 0.92999051953125 0.70776128515625 0.924406125 0.694394341796875 0.91937090234375 0.7104975234375 0.904745798828125 0.716708005859375 0.898462982421875 0.707184310546875 0.89489773046875 0.72100077734375 0.889422267578125 0.72676173828125 0.879905005859375 0.729620978515625 0.875863708984375 0.7193671015625 0.87156473046875 0.71594653515625 0.870902611328125 0.72616575 0.868256662109375 0.73028183984375 0.85311719140625 0.735454638671875 0.84907589453125 0.7252007578125 0.838932826171875 0.744655185546875 0.8283132109375 0.747391423828125 0.821405591796875 0.739758603515625 0.8165912421875 0.750004662109375 0.813247365234375 0.75061184765625 0.7755842578125 0.736606431640625 0.75225276171875 0.709495720703125 0.74556501171875 0.710710087890625 0.739207064453125 0.72519523828125 0.737697767578125 0.765218919921875 0.739754224609375 0.784073986328125 0.757128185546875 0.881101189453125 0.76289613671875 0.8969393515625 0.77178809375 0.903323142578125 0.7831061328125 0.89674365234375 0.798689357421875 0.850447984375 0.8281251328125 0.811089609375 0.8331961640625 0.808714552734375 0.846129923828125 0.81800006640625 0.855097009765625 0.800375013671875 0.85958005078125 0.798914642578125 0.870860279296875 0.808015654296875 0.882068884765625 0.78966041796875 0.886588740234375 0.787223859375 0.89617862109375 0.797116556640625 0.90102928515625 0.79324646875 0.9042269140625 0.78183972265625 0.90915119921875 0.7760172578125 0.9226729453125 0.7843880859375 0.93160322265625 0.767739220703125 0.936159888671875 0.7643264765625 0.949351328125 0.76677867578125 0.955084978515625 0.74683224609375 0.959090466796875 0.743358 0.96904846875 0.743488822265625 0.9790442890625 0.7279391484375 0.993375900390625 0.714833849609375 0.9961691015625 0.7068130078125 0.975591986328125 0.70206626953125 0.956153533203125 0.703818498046875