1 0.3065321180555556 0.970703125 0.018214699074074137 0.022656250000000044
1 0.17055121527777778 0.7891276041666666 0.02016782407407408 0.02278645833333348
1 0.1935329861111111 0.808203125 0.01821469907407408 0.022656250000000044
1 0.21166087962962962 0.8279296875 0.018272569444444442 0.024609374999999822
1 0.23559027777777777 0.84609375 0.018272569444444442 0.024609375000000044
1 0.08888165509259259 0.9908854166666667 0.02212094907407408 0.01822916666666652
1 0.723014 1 0.726104796875 0.9988436015625 0.788676484375 0.946976796875 0.67322279296875 0.935735197265625 0.552511015625 0.975102107421875 0.554546462890625 1 0.723014 1
1 1 0.915788673828125 0.930116287109375 0.86745791796875 0.61006691796875 0.8053304765625 0.563073501953125 0.81425216015625 0.5390084296875 0.80993646484375 0.543547607421875 0.86546036328125 0.960286728515625 0.944631173828125 1 0.91707981640625 1 0.915788673828125
1 0.1432782109375 0.5203831328125 0.12220392578125 0.496100173828125 0.118345185546875 0.390524275390625 0.085359751953125 0.33729281640625 0.040396185546875 0.31266869140625 0.009354658203125 0.315719728515625 0.01520275390625 0.51309295703125 0.033491609375 0.736804958984375 0.03671971875 0.734699341796875 0.06654978125 0.746187044921875 0.52553378125 0.75274182421875 0.524453611328125 0.7464611015625 0.1432782109375 0.5203831328125
1 0.417651220703125 0.031471421875 0.33516691015625 0.030293458984375 0.34146810546875 0.2594115234375 0.364830837890625 0.37006235546875 0.3922532734375 0.41362157421875 0.430083546875 0.4093654296875 0.498125375 0.30984882421875 0.480047716796875 0.088720205078125 0.47544903125 0.08865453125 0.417651220703125 0.031471421875
1 0.62097434765625 0.473434875 0.63324798046875 0.4693874140625 0.632556740234375 0.460932052734375 0.603723779296875 0.416603751953125 0.600382234375 0.396286861328125 0.609509900390625 0.38459353125 0.60476228515625 0.367634755859375 0.617531583984375 0.359371626953125 0.6112396484375 0.34407989453125 0.62387069921875 0.3341256953125 0.616034443359375 0.32050100390625 0.628527244140625 0.308855732421875 0.622373556640625 0.2952550703125 0.63318379296875 0.28358576953125 0.626891857421875 0.268294037109375 0.63770208984375 0.256624734375 0.63154840234375 0.24302407421875 0.642220388671875 0.229663701171875 0.63774926953125 0.2160870703125 0.64611821875 0.133440810546875 0.6293161328125 0.112931689453125 0.594235126953125 0.13607805859375 0.5856132734375 0.195073341796875 0.579435998046875 0.201741513671875 0.58208630078125 0.213603044921875 0.570999572265625 0.221890203125 0.57406462109375 0.238824951171875 0.56479870703125 0.24882720703125 0.569131576171875 0.260712767578125 0.55714458984375 0.319659994140625 0.550829064453125 0.32463709375 0.55488544140625 0.33314051171875 0.546310763671875 0.351598126953125 0.550367140625 0.360101544921875 0.54179246484375 0.378559162109375 0.543174947265625 0.395469880859375 0.50669030078125 0.414616271484375 0.5086643359375 0.4387629609375 0.52131172265625 0.446675125 0.62097434765625 0.473434875