1 0.007371244140625 0.49755894140625 0.033194408203125 0.494936138671875 0.109779265625 0.47351142578125 0.135929802734375 0.437467326171875 0.10285905859375 0.415127158203125 0.006354392578125 0.42892154296875 0.007371244140625 0.49755894140625
1 0.43539386328125 0.19465433984375 0.446245638671875 0.174323984375 0.45067119140625 0.145750953125 0.47204490625 0.1365838203125 0.472273123046875 0.12520039453125 0.415328763671875 0.095795052734375 0.414917943359375 0.0957882890625 0.43539386328125 0.19465433984375
1 0.45324746875 0.280858794921875 0.634830662109375 0.03291714453125 0.5649015 0.029291189453125 0.43668125 0.20087037109375 0.45324746875 0.280858794921875
1 0.668917546875 0.5114618984375 0.7566018828125 0.498928291015625 0.75644072265625 0.4984492734375 0.7385618046875 0.48703466796875 0.738749001953125 0.471291408203125 0.808985724609375 0.202802662109375 0.844487140625 0.04378822265625 0.787051734375 0.04081008984375 0.687653158203125 0.457639720703125 0.680376443359375 0.4682843828125 0.660636015625 0.472852359375 0.655033607421875 0.483257693359375 0.65924883203125 0.50361050390625 0.668917546875 0.5114618984375
1 0.974122671875 0.346438990234375 0.9691967890625 0.322654826171875 0.967683228515625 0.319820646484375 0.968352404296875 0.318577787109375 0.9524623984375 0.241854388671875 0.92237698828125 0.280020365234375 0.9042288359375 0.2756293515625 0.886203736328125 0.284317833984375 0.8857473046875 0.30708468359375 0.89728026171875 0.321152662109375 0.9469068828125 0.356842833984375 0.965014021484375 0.356874015625 0.974122671875 0.346438990234375
1 0.957006400390625 0.468034123046875 0.96186525390625 0.449876818359375 0.98905323828125 0.418529818359375 0.9763803046875 0.3573397421875 0.9249305546875 0.408879908203125 0.8820190546875 0.4097748515625 0.86866560546875 0.416049287109375 0.871475755859375 0.429617828125 0.898592822265625 0.460667265625 0.916409109375 0.47608543359375 0.957817935546875 0.470166451171875 0.957006400390625 0.468034123046875
1 0.544518546875 0.72155260546875 0.330128490234375 0.55988843359375 0.25166780859375 0.571103611328125 0.561258515625 0.80237997265625 0.544518546875 0.72155260546875
1 0.29553917578125 1 0.41407118359375 0.724394681640625 0.416553193359375 0.703084572265625 0.395284640625 0.68778878125 0.37546217578125 0.683637095703125 0.359895958984375 0.704198048828125 0.23017936328125 1 0.29553917578125 1
1 0.426552783203125 0.76801378125 0.430124376953125 0.826876701171875 0.413194099609375 0.84501321484375 0.46557196484375 0.8523696796875 0.49672229296875 0.8487901875 0.50271698828125 0.84444075 0.485107302734375 0.826002546875 0.4815946171875 0.809041875 0.48013063671875 0.760355357421875 0.431452654296875 0.7542163125 0.426552783203125 0.76801378125
1 1 0.786155626953125 0.61824297265625 0.548457537109375 0.596746203125 0.544545171875 0.58744391015625 0.55373309375 0.574295552734375 0.581806685546875 0.585166990234375 0.596842361328125 0.829395134765625 0.752276642578125 1 0.853127720703125 1 0.786155626953125
1 0.558121478515625 0.715962578125 0.55080374609375 0.722247408203125 0.54469998046875 0.722428646484375 0.554674544921875 0.770589892578125 0.57068511328125 0.76830133984375 0.5804617265625 0.773888982421875 0.587779462890625 0.76760415234375 0.6705230859375 0.759269326171875 0.679948431640625 0.76316090234375 0.7207523203125 0.7520895546875 0.73520058984375 0.75526315234375 0.76455355859375 0.738843490234375 0.774476353515625 0.72432804296875 0.76333568359375 0.716315962890625 0.7136449140625 0.709448544921875 0.61610175390625 0.71291370703125 0.5950382890625 0.71941707421875 0.558121478515625 0.715962578125
1 0.570954361328125 0.84919545703125 0.663077060546875 0.82319966015625 0.70080156640625 0.805583373046875 0.71936513671875 0.78284769921875 0.701527232421875 0.775792923828125 0.651918501953125 0.77764516796875 0.560557919921875 0.798997208984375 0.570954361328125 0.84919545703125
1 1 0.530619861328125 0.990536693359375 0.52318228125 0.97776273046875 0.519769361328125 0.96277599609375 0.530642955078125 0.83037214453125 0.677920185546875 0.86211984765625 0.702195748046875 0.880578251953125 0.703922998046875 1 0.573724986328125 1 0.530619861328125
1 0.61072201953125 1 0.817569818359375 0.778414841796875 0.831461728515625 0.75809321484375 0.827328541015625 0.746460068359375 0.79901148828125 0.730425517578125 0.78024283203125 0.73136203125 0.72143173046875 0.7886642734375 0.589328810546875 0.937914748046875 0.602187142578125 1 0.61072201953125 1