1 0.35985151953125 1 0.364065587890625 0.982469703125 0.37540983984375 0.5450837109375 0.373161087890625 0.484076474609375 0.291824658203125 0.492218828125 0.2940882578125 0.655575623046875 0.285042134765625 0.802502455078125 0.3019309765625 1 0.35985151953125 1
1 0.61132509375 1 0.63464995703125 0.997665015625 0.62072121484375 0.98613966015625 0.581443 0.96909811328125 0.575691166015625 0.941149849609375 0.5812196953125 0.927173318359375 0.572175056640625 0.9196893203125 0.5719922734375 0.897895099609375 0.562378576171875 0.883756525390625 0.56077313671875 0.845325865234375 0.55130170703125 0.832850935546875 0.5367087265625 0.7604848125 0.51868067578125 0.706919310546875 0.488497970703125 0.688128294921875 0.46992067578125 0.706766875 0.467867740234375 0.722073361328125 0.48132259765625 0.781130330078125 0.479411923828125 0.7981004609375 0.490550021484375 0.810408548828125 0.486688154296875 0.824218234375 0.497683984375 0.83486267578125 0.492297720703125 0.850502853515625 0.503151287109375 0.85948365234375 0.497907291015625 0.876787470703125 0.510712046875 0.888928712890625 0.5067079140625 0.901074755859375 0.51784601171875 0.91338284375 0.514268673828125 0.930519818359375 0.523455580078125 0.9396674609375 0.519878244140625 0.9568044375 0.527113955078125 0.9627916328125 0.5306300625 0.9842521640625 0.52186762109375 1 0.61132509375 1
1 0.576078333984375 0.78842346875 0.585600638671875 0.79166493359375 0.68123066796875 0.75021185546875 0.70204368359375 0.738061009765625 0.70847667578125 0.724832875 0.65334491015625 0.69931106640625 0.62807080078125 0.669122408203125 0.616323125 0.630029169921875 0.591242150390625 0.59227069140625 0.59219748828125 0.583785623046875 0.583295115234375 0.57796526953125 0.57126291015625 0.535544744140625 0.536954513671875 0.468508048828125 0.536390521484375 0.46773605078125 0.486047603515625 0.472775732421875 0.485430251953125 0.475343876953125 0.522970224609375 0.560513818359375 0.52215715625 0.570662525390625 0.533152986328125 0.581306966796875 0.530957783203125 0.5949498125 0.543762541015625 0.607091052734375 0.543376263671875 0.622230693359375 0.55742088671875 0.62921416015625 0.553701287109375 0.644687490234375 0.56817270703125 0.65666188671875 0.564310841796875 0.67047157421875 0.576688802734375 0.6776218828125 0.577969189453125 0.692594681640625 0.58882275390625 0.7015754765625 0.5956721875 0.722702318359375 0.576078333984375 0.78842346875
1 0.28757957175925924 0.966796875 0.03392650462962965 0.06640625
1 0.044921875 0.5551649305555555 0.05917245370370369 0.06961805555555545
1 0.2532552083333333 0.6301649305555556 0.04817708333333337 0.0888888888888888
1 0.05179398148148148 0.8973958333333334 0.048755787037037035 0.05182291666666661
1 0.3820529513888889 0.1345703125 0.06127025462962965 0.07356770833333337
1 0.30591724537037035 0.3166232638888889 0.06278935185185186 0.06189236111111107
1 0.7888816550925926 0.20713975694444445 0.03884548611111116 0.04769965277777777
1 0.7472873263888888 0.11629774305555556 0.03682002314814814 0.04570312499999998
1 0.8705150462962963 0.03498263888888889 0.03631365740740744 0.03203125
1 0.2816478587962963 0.20661892361111112 0.04065393518518512 0.04383680555555558
1 0.5612340856481481 0.3105685763888889 0.03472222222222232 0.04175347222222214