1 0 0.11973137890625 0.00550140625 0.12034264453125 0.03122487890625 0.1026577578125 0.052125201171875 0.123558078125 0.081064107421875 0.13481209765625 0.1317071953125 0.167770296875 0.154215232421875 0.15330084375 0.162253818359375 0.125969654296875 0.073025521484375 0.067287982421875 0.052125201171875 0.06085711328125 0.051321341796875 0.0359375 0.03845960546875 0.015037177734375 0.01836314453125 0.0142333203125 0 0.0411919765625 0 0.11973137890625
1 1 0.058709111328125 0.99106712109375 0.06901627734375 0.99267483984375 0.08509344921875 0.98383239453125 0.09232817578125 0.55 0.29370208984375 0.55 0.351558341796875 0.821452974609375 0.22737640625 0.99830184765625 0.13734425390625 1 0.136778203125 1 0.058709111328125
1 1 0.28112994921875 0.98544011328125 0.270784767578125 0.965343650390625 0.269980908203125 0.97016680078125 0.321427853515625 0.944443328125 0.351974478515625 0.944443328125 0.361620779296875 0.90264268359375 0.40824457421875 0.901034966796875 0.417890876953125 0.88817323046875 0.4259294609375 0.887636369140625 0.4296875 0.95542604296875 0.4296875 0.97016680078125 0.40020598828125 0.9814208203125 0.39377512109375 0.98463625390625 0.37930566796875 0.997497990234375 0.372874798828125 1 0.367370376953125 1 0.28112994921875
1 0.923543005859375 0.37930566796875 0.928366158203125 0.36483621484375 0.913896705078125 0.339112740234375 0.872899919921875 0.30615454296875 0.850391880859375 0.3093699765625 0.843157154296875 0.318212419921875 0.849588021484375 0.347151326171875 0.771553822265625 0.4296875 0.8461007578125 0.4296875 0.883350080078125 0.38734425390625 0.89058480859375 0.380109525390625 0.916308279296875 0.38493267578125 0.923543005859375 0.37930566796875
1 0.30130124609375 0.58110430078125 0.283616357421875 0.58110430078125 0.27316619921875 0.589946744140625 0.25387359375 0.641393689453125 0.252265876953125 0.66068629296875 0.2611083203125 0.674351888671875 0.273970056640625 0.67595960546875 0.29487037890625 0.659882435546875 0.55 0.76697898828125 0.55 0.710134455078125 0.314162982421875 0.613258642578125 0.30853597265625 0.607631630859375 0.310143689453125 0.589946744140625 0.30130124609375 0.58110430078125
1 0.511912177734375 0.86084706640625 0.49985430078125 0.8712972265625 0.518343046875 0.884962822265625 0.55 0.895945845703125 0.55 0.798823765625 0.549693529296875 0.798949958984375 0.5400472265625 0.818242564453125 0.532008642578125 0.8568277734375 0.511912177734375 0.86084706640625
1 0.22734626171875 0.774030345703125 0.20483822265625 0.774030345703125 0.19117262890625 0.789303658203125 0.173487740234375 0.8487891875 0.19197648828125 0.86727793359375 0.2160922421875 0.85280848046875 0.30130124609375 0.88174738671875 0.347925041015625 0.907470859375 0.55 0.98853355859375 0.55 0.930759611328125 0.236992564453125 0.80779240234375 0.229757837890625 0.80055767578125 0.23458098828125 0.7828727890625 0.22734626171875 0.774030345703125
1 0.247442724609375 0.9002361328125 0.244227291015625 0.91792101953125 0.29245880078125 0.953290794921875 0.295674236328125 0.9741911171875 0.303712822265625 0.97901426953125 0.327828576171875 0.951683078125 0.3487288984375 0.90827471875 0.3045166796875 0.88335510546875 0.27236233984375 0.87531651953125 0.247442724609375 0.9002361328125
1 0.380198705078125 1 0.25628516796875 0.966956390625 0.2313655546875 0.929175041015625 0.22171925390625 0.92756732421875 0.2024266484375 0.97740655078125 0.198190376953125 1 0.380198705078125 1
1 0.0559554609375 1 0.052908962890625 0.99187600390625 0.05933983203125 0.983837419921875 0.0545166796875 0.967760248046875 0.060947548828125 0.935605908203125 0.05773211328125 0.895412982421875 0.062555265625 0.887374396484375 0.064162982421875 0.81663484765625 0.0995327578125 0.776441921875 0.0553205390625 0.767599478515625 0 0.767599478515625 0 0.7957340234375 0.0175391875 0.81502712890625 0.009500603515625 0.869689509765625 0.012716037109375 0.88898211328125 0.00789288671875 0.895412982421875 0.01432375390625 0.91149015234375 0.00628516796875 0.91952873828125 0.012716037109375 0.929175041015625 0.00628516796875 0.943644494140625 0.0111083203125 0.961329380859375 0.004677451171875 0.966152533203125 0.0111083203125 0.982229703125 0.004677451171875 0.99669915625 0.007978294921875 1 0.0559554609375 1
1 0.744861623046875 0.4296875 0.633908650390625 0.4296875 0.55 0.50674646484375 0.55 0.607497990234375 0.554702572265625 0.6056169609375 0.744861623046875 0.4296875