1 0.38940972265625 0.358506943359375 0.387673611328125 0.400173611328125 0.400694443359375 0.40625 0.42847222265625 0.399305556640625 0.47621527734375 0.421006943359375 0.4890625 0.41244212890625 0.4890625 0.365184294921875 0.442361111328125 0.34722222265625 0.433680556640625 0.32291666796875 0.416319443359375 0.321180556640625 0.38940972265625 0.358506943359375
1 0.223929732421875 0 0.247048611328125 0.421006943359375 0.2453125 0.436631943359375 0.226931423828125 0.45 0.325979662109375 0.45 0.306076388671875 0.431423611328125 0.28361872265625 0 0.223929732421875 0
1 0.02852567578125 0 0.033506943359375 0.3046875 0.0109375 0.318576388671875 0.009201388671875 0.3359375 0.03003472265625 0.353298611328125 0.095138888671875 0.350694443359375 0.11510416796875 0.327256943359375 0.111631943359375 0.31684027734375 0.09253472265625 0.302951388671875 0.08758183984375 0 0.02852567578125 0
1 1 0.18948019921875 0.994430693359375 0.1925742578125 0.984529703125 0.11831683203125 0.920173267578125 0.083663365234375 0.85581683203125 0.09356435546875 0.8360148515625 0.237128712890625 0.70730198046875 0.36089108984375 0.662747525390625 0.43019801953125 0.618193068359375 0.440099009765625 0.614480197265625 0.45 0.8684842734375 0.45 0.94987623828125 0.385643564453125 1 0.37848302734375 1 0.18948019921875
1 0.400806833984375 1 0.4890625 0.879362759765625 0.4890625 0.742403650390625 0.296006943359375 0.99427083203125 0.29282407421875 1 0.400806833984375 1
1 0.192138267578125 1 0.240451388671875 0.784201388671875 0.25434027734375 0.746006943359375 0.259548611328125 0.700868056640625 0.248263888671875 0.68958333203125 0.210069443359375 0.684375 0.188368056640625 0.693923611328125 0.141493056640625 0.872743056640625 0.12239583203125 0.92309027734375 0.104217171875 1 0.192138267578125 1
1 0.965798611328125 0.823263888671875 0.970138888671875 0.79809027734375 0.899716 0.45 0.837326388671875 0.45 0.909375 0.810243056640625 0.915451388671875 0.825 0.92847222265625 0.82934027734375 0.965798611328125 0.823263888671875
1 0.752256943359375 0.488194443359375 0.7375 0.497743056640625 0.739236111328125 0.527256943359375 0.7453125 0.535069443359375 0.7609375 0.54027777734375 0.79565972265625 0.536805556640625 0.81996527734375 0.545486111328125 0.829513888671875 0.558506943359375 0.838194443359375 0.55503472265625 0.84340277734375 0.528993056640625 0.8390625 0.47083333203125 0.809548611328125 0.488194443359375 0.752256943359375 0.488194443359375
1 0.67152777734375 0.49427083203125 0.681944443359375 0.506423611328125 0.68020833203125 0.5203125 0.690625 0.54114583203125 0.66284722265625 0.58802083203125 0.66979166796875 0.600173611328125 0.70885416796875 0.599305556640625 0.71753472265625 0.592361111328125 0.747048611328125 0.588888888671875 0.774826388671875 0.576736111328125 0.782638888671875 0.560243056640625 0.7375 0.528993056640625 0.723611111328125 0.48559027734375 0.728819443359375 0.46996527734375 0.71840277734375 0.459548611328125 0.721983505859375 0.45 0.66659564453125 0.45 0.66979166796875 0.4578125 0.666319443359375 0.46996527734375 0.675 0.47864583203125 0.67152777734375 0.49427083203125
1 0.753993056640625 0.592361111328125 0.72621527734375 0.60277777734375 0.67760416796875 0.60625 0.4890625 0.662442810546875 0.4890625 0.7265716953125 0.762673611328125 0.644444443359375 0.77395833203125 0.63489583203125 0.770486111328125 0.612326388671875 0.753993056640625 0.592361111328125
1 0.822569443359375 0.84322916796875 0.82083333203125 0.90746527734375 0.806944443359375 0.933506943359375 0.886805556640625 0.928298611328125 0.871180556640625 0.90572916796875 0.8703125 0.83715277734375 0.847743056640625 0.83541666796875 0.822569443359375 0.84322916796875