1 0.49808238671875 0 0.4953125 0.01015625 0.4796875 0.03203125 0.39773284375 0.45 0.47210870703125 0.45 0.4859375 0.36484375 0.503125 0.28671875 0.515625 0.26171875 0.5578125 0.03203125 0.55653125 0 0.49808238671875 0
1 0.62109375 0.2484375 0.61328125 0.259375 0.59765625 0.259375 0.59140625 0.2671875 0.57265625 0.2703125 0.56640625 0.2796875 0.55234375 0.28125 0.50703125 0.30625 0.4984375 0.31640625 0.496875 0.34296875 0.509375 0.35234375 0.52109375 0.353125 0.58671875 0.3296875 0.62265625 0.30625 0.63671875 0.30625 0.64609375 0.2953125 0.6890625 0.278883271484375 0.6890625 0.22109375 0.68046875 0.2296875 0.66953125 0.228125 0.66015625 0.2375 0.62109375 0.2484375
1 0.643359375 0 0.6421875 0.01171875 0.63125 0.01953125 0.634375 0.03046875 0.6234375 0.03984375 0.6171875 0.06328125 0.596875 0.09765625 0.596875 0.11171875 0.609375 0.13515625 0.64375 0.11640625 0.6703125 0.06171875 0.6828125 0.05078125 0.6890625 0.02369791796875 0.6890625 0 0.643359375 0
1 0.36535680859375 0 0.3390625 0.03203125 0.31875 0.09140625 0.303125 0.11328125 0.2859375 0.17265625 0.2609375 0.22109375 0.2578125 0.26484375 0.20546875 0.2609375 0.1984375 0.26796875 0.21171875 0.2875 0.2875 0.31796875 0.325 0.31015625 0.2828125 0.27890625 0.2890625 0.26328125 0.309375 0.24453125 0.3421875 0.14921875 0.384375 0.06484375 0.38125 0.05234375 0.3890625 0.03359375 0.3828125 0.02109375 0.3875 0.00234375 0.386934267578125 0 0.36535680859375 0
1 0.8109375 0 0.8109375 0.01015625 0.82421875 0.0234375 0.8671875 0.03515625 0.90703125 0.034375 0.9265625 0.01953125 0.9234375 0.00546875 0.91824919921875 0 0.8109375 0
1 0.64453125 0.79375 0.61875 0.78828125 0.6296875 0.75546875 0.62578125 0.7390625 0.61015625 0.7390625 0.5890625 0.75703125 0.5578125 0.80859375 0.55625 0.82421875 0.56484375 0.8359375 0.61953125 0.828125 0.6421875 0.84765625 0.64453125 0.85625 0.65859375 0.859375 0.68515625 0.884375 0.6890625 0.88480902734375 0.6890625 0.81796875 0.67421875 0.8140625 0.66796875 0.8046875 0.65859375 0.80625 0.64453125 0.79375
1 0.290017361328125 1 0.2921875 0.98828125 0.1984375 0.52578125 0.178560451171875 0.45 0.127751359375 0.45 0.128125 0.45078125 0.23859109375 1 0.290017361328125 1
1 0.0984375 0.98046875 0.13046875 0.975 0.14375 0.96484375 0.1125 0.58671875 0.09654948046875 0.45 0.043003015625 0.45 0.071875 0.74921875 0.0796875 0.88671875 0.090625 0.96953125 0.0984375 0.98046875
1 0 0.90015625 0.00390625 0.896875 0.01171875 0.9015625 0.07578125 0.903125 0.078125 0.86171875 0.01328125 0.853125 0 0.83863636328125 0 0.90015625
1 0.83125 0.66328125 0.8296875 0.67890625 0.8484375 0.69453125 0.87578125 0.6953125 0.91171875 0.6859375 0.9234375 0.67421875 0.925 0.65390625 0.9 0.63515625 0.873549107421875 0.45 0.81790081640625 0.45 0.83125 0.55234375 0.8515625 0.64765625 0.83984375 0.6625 0.83125 0.66328125
1 0.7078125 0.78359375 0.7140625 0.78046875 0.7125 0.76640625 0.7203125 0.75859375 0.7234375 0.73671875 0.76875 0.71015625 0.76171875 0.7015625 0.6890625 0.67774077734375 0.6890625 0.84296875 0.6984375 0.82421875 0.6984375 0.80859375 0.70625 0.79921875 0.7078125 0.78359375