1 0.10811188671875 0 0.121119966796875 0.144389681640625 0.142932046875 0.2920406875 0.15803271875 0.503450083984375 0.16642198046875 0.51351719921875 0.153838087890625 0.52610108984375 0.130348154296875 0.5328125 0.12872778515625 0.5390625 0.28896672265625 0.5390625 0.290583052734375 0.526940017578125 0.28303271875 0.5160339765625 0.247797818359375 0.512678271484375 0.238569630859375 0.49841652734375 0.23353607421875 0.394389681640625 0.18954645703125 0 0.10811188671875 0
1 0.340722525390625 0 0.344274328125 0.011839345703125 0.33420721484375 0.0252621640625 0.339240771484375 0.037007130859375 0.3274958046875 0.05042994921875 0.33420721484375 0.06720847265625 0.324140099609375 0.077275587890625 0.330851509765625 0.0923762578125 0.32078439453125 0.104121224609375 0.325817953125 0.11754404296875 0.31575083984375 0.13096686328125 0.31910654296875 0.14774538671875 0.31071728125 0.2081480703125 0.314072986328125 0.2232487421875 0.33420721484375 0.240027265625 0.362730705078125 0.21821518359375 0.3761535234375 0.16284605859375 0.38454278515625 0.089020552734375 0.392932046875 0.075597734375 0.3912541953125 0.037007130859375 0.39964345703125 0.021906458984375 0.39796560546875 0.00009437890625 0.398059984375 0 0.340722525390625 0
1 0.43320050390625 0.21653733203125 0.423133388671875 0.226604447265625 0.423133388671875 0.2417051171875 0.411388423828125 0.25009437890625 0.41642198046875 0.26351719921875 0.40299916015625 0.276940017578125 0.40803271875 0.2920406875 0.394609900390625 0.30042994921875 0.396287751953125 0.31553062109375 0.38454278515625 0.328953439453125 0.387898490234375 0.3423762578125 0.377831376953125 0.354121224609375 0.379509228515625 0.36418833984375 0.34930788671875 0.453114513671875 0.35434144140625 0.46821518359375 0.36776426171875 0.47996015234375 0.39377097265625 0.4673762578125 0.40132130859375 0.454792365234375 0.429844798828125 0.38432256640625 0.438234060546875 0.34069840625 0.446623322265625 0.33398699609375 0.444945470703125 0.325597734375 0.45 0.316266294921875 0.45 0.135694353515625 0.422294462890625 0.12677223046875 0.413066275390625 0.13096686328125 0.438234060546875 0.194725251953125 0.43320050390625 0.21653733203125
1 0.573616294921875 0 0.55523280078125 0.0471371640625 0.45 0.289051650390625 0.45 0.4542785234375 0.48476300390625 0.392774748046875 0.6548623046875 0 0.573616294921875 0
1 0.710643875 0 0.707917365234375 0.010224412109375 0.55523280078125 0.28707005078125 0.5283871640625 0.325660654296875 0.511608640625 0.367606962890625 0.456239513671875 0.448143876953125 0.45 0.466169138671875 0.45 0.5390625 0.49089251171875 0.5390625 0.558588505859375 0.45485528515625 0.57201132421875 0.417942533203125 0.58878984765625 0.3978083046875 0.590467701171875 0.384385486328125 0.65422608984375 0.261902265625 0.70959521875 0.176331794921875 0.723018037109375 0.13941904296875 0.78509857421875 0.02364723046875 0.822850251953125 0.02784186328125 0.83375629296875 0.015257970703125 0.83375629296875 0 0.710643875 0
1 0.840467701171875 0.266935822265625 0.83878984765625 0.258546560546875 0.7859375 0.21072776953125 0.72721266796875 0.173815017578125 0.7263737421875 0.241768037109375 0.578722734375 0.433043205078125 0.556910654296875 0.47834521875 0.55523280078125 0.4951237421875 0.560266359375 0.49680159375 0.630736158203125 0.444788171875 0.77587038671875 0.271130453125 0.832917365234375 0.2728083046875 0.840467701171875 0.266935822265625
1 0.96378984765625 0.14361367578125 0.94365562109375 0.168781458984375 0.92855494921875 0.168781458984375 0.907581794921875 0.18975461328125 0.86899119140625 0.243445888671875 0.6176165234375 0.5390625 0.7129088984375 0.5390625 0.981407298828125 0.2115666953125 0.998185822265625 0.178009646484375 0.9705012578125 0.14361367578125 0.96378984765625 0.14361367578125
1 0.11770240234375 1 0.09855970703125 0.98531312109375 0.088783169921875 0.970899603515625 0.07816864453125 0.94107852734375 0.077051326171875 0.9331262421875 0.080403283203125 0.9261679921875 0.079844623046875 0.9211978125 0.07342004296875 0.9177186875 0.07090607421875 0.911257455078125 0.069788755859375 0.900323060546875 0.073140712890625 0.8883946328125 0.06504015234375 0.881933400390625 0.060850208984375 0.86851391796875 0.063643505859375 0.85161530859375 0.057777583984375 0.85012425390625 0.0552636171875 0.84565109375 0.052470322265625 0.828752484375 0.05470495703125 0.819806162109375 0.04297311328125 0.805889662109375 0.040738478515625 0.79893141015625 0.041855794921875 0.788991052734375 0.032917248046875 0.781038767578125 0.028447974609375 0.76115805078125 0.01783344921875 0.738295228515625 0.0142021640625 0.735810138671875 0.012805517578125 0.74724155078125 0.01615747265625 0.767122265625 0.01504015234375 0.78501491015625 0.02062674609375 0.804895626953125 0.01783344921875 0.82577037890625 0.02342004296875 0.8337226640625 0.025654677734375 0.850621271484375 0.02230272265625 0.85857355859375 0.02230272265625 0.86553180859375 0.0317999296875 0.87249005859375 0.03403456640625 0.88243041796875 0.02956529296875 0.898334990234375 0.0376658515625 0.901814115234375 0.040179818359375 0.9072813125 0.042414455078125 0.9192097421875 0.037386521484375 0.9331262421875 0.04744238671875 0.938096421875 0.05023568359375 0.948036779296875 0.049677025390625 0.96493538671875 0.056380935546875 0.984816103515625 0.05663952734375 1 0.11770240234375 1
1 0.78022231640625 0.74083473046875 0.786933724609375 0.7307676171875 0.81545721484375 0.72237835546875 0.816296140625 0.70476090625 0.793645134765625 0.66868708203125 0.760088087890625 0.67204278515625 0.50002097265625 0.75257969921875 0.494987416015625 0.759291107421875 0.45 0.7746277265625 0.45 0.85180788671875 0.592302853515625 0.80627097265625 0.6560612421875 0.777747482421875 0.75169882421875 0.75593540234375 0.78022231640625 0.74083473046875
1 0.50421560546875 0.96650587109375 0.53190016796875 0.930432046875 0.54867869140625 0.9287541953125 0.557067953125 0.915331376953125 0.59565855859375 0.90190855859375 0.65102768359375 0.87002936328125 0.692973994140625 0.85828439453125 0.75002097265625 0.8314387578125 0.77267198046875 0.81382130859375 0.77602768359375 0.802076341796875 0.769316275390625 0.79872063671875 0.776866611328125 0.7978817109375 0.7810612421875 0.786975671875 0.77602768359375 0.77858641015625 0.74666526953125 0.76935822265625 0.73156459765625 0.782781041015625 0.703041107421875 0.78613674609375 0.503376677734375 0.881774328125 0.45 0.869132484375 0.45 0.9058110625 0.46059144140625 0.926237416015625 0.500859900390625 0.993351509765625 0.50924916015625 0.993351509765625 0.50421560546875 0.96650587109375
1 0.918645134765625 0.756774328125 0.92200083984375 0.72825083984375 0.91612835546875 0.71398909375 0.88089345703125 0.715666947265625 0.83559144140625 0.75257969921875 0.82636325390625 0.768519294921875 0.794484060546875 0.79368708203125 0.793645134765625 0.801237416015625 0.687940435546875 0.898552853515625 0.62502097265625 0.89939177734375 0.62502097265625 0.91113674609375 0.691296140625 0.98580117578125 0.72401426171875 0.99670721484375 0.729047818359375 0.94637164453125 0.73743708203125 0.93127097265625 0.755054529296875 0.92204278515625 0.76344379296875 0.908619966796875 0.77351090625 0.90694211328125 0.78357801953125 0.88680788671875 0.79867869140625 0.885130033203125 0.7995176171875 0.8708682890625 0.81545721484375 0.868351509765625 0.819651845703125 0.854089765625 0.834752517578125 0.84905620703125 0.83810822265625 0.83227768359375 0.84901426171875 0.8314387578125 0.85488674609375 0.817177013671875 0.870826341796875 0.809626677734375 0.918645134765625 0.756774328125