1 0.980320087890625 0 0.978256181640625 0.00500657421875 0.937812470703125 0.03216944140625 0.942964625 0.0397501015625 0.981078576171875 0.043671642578125 0.995482787109375 0.03684034765625 1 0.03804123828125 1 0 0.980320087890625 0
1 1 0.1273903203125 0.99313736328125 0.1335529453125 0.98022240625 0.13141734765625 0.96168264453125 0.138910537109375 0.95255320703125 0.15168647265625 0.912232115234375 0.177213318359375 0.914247494140625 0.1830330625 0.958880236328125 0.187204390625 0.971532130859375 0.181946669921875 0.98432446875 0.1857182890625 0.993208666015625 0.17621439453125 1 0.177163537109375 1 0.1273903203125
1 0.277463875 0.147455232421875 0.261202556640625 0.168161486328125 0.2551742421875 0.161367611328125 0.219198291015625 0.161629796875 0.19489328125 0.169722431640625 0.188042287109375 0.1957114296875 0.19258134765625 0.211472197265625 0.216536328125 0.21895298828125 0.257646611328125 0.21560610546875 0.271963849609375 0.2317415546875 0.281987271484375 0.228844193359375 0.28557887109375 0.20273030078125 0.292588134765625 0.19643600390625 0.294672654296875 0.168623642578125 0.287119439453125 0.149465935546875 0.277463875 0.147455232421875
1 0.21836210546875 0.336334421875 0.225003513671875 0.334948189453125 0.229085591796875 0.30229020703125 0.266374697265625 0.262701064453125 0.25568470703125 0.2417824453125 0.23372728125 0.229456037109375 0.189551525390625 0.273703455078125 0.158727728515625 0.28154630078125 0.186486052734375 0.31460398828125 0.21836210546875 0.336334421875
1 0.180297310546875 0.211821857421875 0.18621866796875 0.1546235546875 0.1732858828125 0.141822595703125 0.1408145625 0.1389376328125 0.129301888671875 0.1508018828125 0.12338053125 0.2080001875 0.1057169296875 0.214706583984375 0.102597978515625 0.22361103125 0.1077501328125 0.231191693359375 0.147248544921875 0.23844772265625 0.1907420625 0.236012517578125 0.195368091796875 0.2288065390625 0.180297310546875 0.211821857421875
1 0.268853921875 0 0.42717141796875 0.363819173828125 0.487714873046875 0.36613909375 0.33352265234375 0 0.268853921875 0
1 0.83820574609375 0.583756873046875 0.849000529296875 0.592374111328125 0.862914265625 0.592086900390625 0.859741837890625 0.568995259765625 0.83887015625 0.531279298828125 0.8181745703125 0.5239233984375 0.81030697265625 0.54166984375 0.754828134765625 0.573178751953125 0.75926240234375 0.60124090234375 0.772948724609375 0.61489109765625 0.834455876953125 0.590176064453125 0.83820574609375 0.583756873046875
1 0.892106205078125 0.50788805078125 0.89015996875 0.468436197265625 0.87519398046875 0.43915012890625 0.86716811328125 0.437201873046875 0.852781728515625 0.454698529296875 0.831105193359375 0.460430802734375 0.818312853515625 0.456659181640625 0.79376260546875 0.468023859375 0.795831462890625 0.50583969140625 0.812899796875 0.517978759765625 0.859249203125 0.4992457890625 0.881329248046875 0.509936177734375 0.892106205078125 0.50788805078125
1 0.819467740234375 0.397637521484375 0.805321701171875 0.378309228515625 0.79227054296875 0.377809130859375 0.79060584375 0.379304025390625 0.793533033203125 0.4056677109375 0.807377625 0.43901260546875 0.818540265625 0.44272177734375 0.830175556640625 0.42922150390625 0.863505212890625 0.42065431640625 0.87128583984375 0.4258746171875 0.89432901171875 0.41281147265625 0.891401822265625 0.3864477890625 0.888494375 0.3814962578125 0.834316724609375 0.379420265625 0.822323625 0.381339755859375 0.819467740234375 0.397637521484375
1 0.35085466015625 0.532514150390625 0.340340767578125 0.54195559765625 0.3043648125 0.54221778125 0.29385091796875 0.551659224609375 0.27567901171875 0.554244349609375 0.2286273828125 0.5278306171875 0.216869474609375 0.5429669140625 0.216940775390625 0.58562836328125 0.229559181640625 0.63533347265625 0.241861044921875 0.6456491796875 0.251884462890625 0.642751818359375 0.275768140625 0.60757116015625 0.29041758984375 0.597467822265625 0.30158023046875 0.60117699609375 0.315230900390625 0.59349646484375 0.3246412265625 0.598779212890625 0.33352542578125 0.589275318359375 0.3479474609375 0.593109384765625 0.35846135546875 0.58366794140625 0.372883392578125 0.5875020078125 0.409717677734375 0.57578767578125 0.41925062109375 0.5794343984375 0.4296418984375 0.5716289765625 0.444063931640625 0.575463041015625 0.45131843359375 0.565896701171875 0.464233392578125 0.568032298828125 0.474992525390625 0.5553188125 0.488030099609375 0.555818388671875 0.497036919921875 0.5446784765625 0.523216865234375 0.53337624609375 0.503642673828125 0.521961517578125 0.48559338671875 0.52291062109375 0.47642830078125 0.51435583203125 0.463022869140625 0.518764318359375 0.4453414375 0.514805359375 0.436579857421875 0.52267323046875 0.422157822265625 0.51883916015625 0.413396244140625 0.526707033203125 0.397221892578125 0.524446541015625 0.390090009765625 0.532376859375 0.374038275390625 0.528480345703125 0.365276697265625 0.536348216796875 0.35085466015625 0.532514150390625
1 0.299517763671875 0.96060019921875 0.3541429296875 0.962693337890625 0.411599095703125 0.80145875 0.442017224609375 0.7008996875 0.461502287109375 0.658987603515625 0.462851095703125 0.640991369140625 0.440385365234375 0.62454368359375 0.419199306640625 0.62373187109375 0.409193712890625 0.637294591796875 0.299517763671875 0.96060019921875
1 0.34930275390625 0.803993822265625 0.351300306640625 0.799148205078125 0.3347224453125 0.78046505078125 0.332898826171875 0.739377177734375 0.3237159140625 0.72015702734375 0.300900154296875 0.719282767578125 0.27948668359375 0.732408361328125 0.279838873046875 0.793128490234375 0.266959568359375 0.812323615234375 0.271480802734375 0.817419021484375 0.326382201171875 0.815420947265625 0.34930275390625 0.803993822265625
1 0.2113359609375 0.682216068359375 0.2257936484375 0.707380857421875 0.21971401953125 0.744884455078125 0.159921056640625 0.955251099609375 0.214832072265625 0.957355193359375 0.27598205078125 0.735555505859375 0.28961489453125 0.717209615234375 0.305403564453125 0.71371280859375 0.3095212890625 0.7023855546875 0.303720388671875 0.681654275390625 0.256055666015625 0.663420650390625 0.228350818359375 0.662359048828125 0.2113359609375 0.682216068359375
1 0.03099002734375 0.929617111328125 0.045429888671875 0.944116537109375 0.0773192421875 0.952085943359375 0.125666072265625 0.9539385078125 0.1292979765625 0.94815057421875 0.140389314453125 0.909198298828125 0.136621619140625 0.904952126953125 0.107567962890625 0.92188676171875 0.103537203125 0.910247271484375 0.05273570703125 0.8902527265625 0.039348099609375 0.905326578125 0.03099002734375 0.929617111328125
1 0.153083876953125 0.55446887890625 0.123994572265625 0.550072787109375 0.10722494921875 0.566657765625 0.10811893359375 0.57653633984375 0.1202981796875 0.58848806640625 0.115935212890625 0.603087365234375 0.02281298828125 0.769938328125 0.025483951171875 0.8600833203125 0.070343671875 0.77525668359375 0.16559748828125 0.616475375 0.190919103515625 0.616625294921875 0.20055683984375 0.60797063671875 0.196753494140625 0.582393740234375 0.153083876953125 0.55446887890625