1 0.39997438671875 0.30817110546875 0.40161373046875 0.295056353515625 0.3917776640625 0.28358094140625 0.38358094140625 0.247515369140625 0.373744876953125 0.237679302734375 0.37538422265625 0.221285861328125 0.363908810546875 0.214728484375 0.35899077734375 0.173744876953125 0.3409579921875 0.15079405859375 0.32620389453125 0.10489241796875 0.320466189453125 0.0942366796875 0.289318646484375 0.07948258203125 0.27538422265625 0.09997438671875 0.27702356640625 0.118007171875 0.296695697265625 0.163908810546875 0.30325307421875 0.20325307421875 0.311449794921875 0.213089138671875 0.309810451171875 0.23276126953125 0.321285861328125 0.2425973359375 0.318007171875 0.25407274609375 0.33112192578125 0.263908810546875 0.32620389453125 0.28194159765625 0.339318646484375 0.2917776640625 0.336039958984375 0.30653176171875 0.347515369140625 0.314728484375 0.345876025390625 0.32784323828125 0.35407274609375 0.33276126953125 0.362269466796875 0.35899077734375 0.3409579921875 0.424564548828125 0.4401383203125 0.3942366796875 0.473744876953125 0.372105533203125 0.418007171875 0.339318646484375 0.411449794921875 0.318007171875 0.39997438671875 0.30817110546875
1 0.324564548828125 0.52784323828125 0.316367828125 0.516367828125 0.313089138671875 0.45079405859375 0.2901383203125 0.339318646484375 0.259810451171875 0.313908810546875 0.2409579921875 0.33112192578125 0.237679302734375 0.349154712890625 0.247515369140625 0.409810451171875 0.2442366796875 0.422925205078125 0.25243340234375 0.43112192578125 0.249154712890625 0.447515369140625 0.25735143359375 0.45735143359375 0.25243340234375 0.47538422265625 0.260630123046875 0.48358094140625 0.262269466796875 0.52620389453125 0.270466189453125 0.537679302734375 0.2671875 0.55407274609375 0.273744876953125 0.56554815625 0.270466189453125 0.58358094140625 0.27242388671875 0.5890625 0.32658811328125 0.5890625 0.324564548828125 0.56882684375 0.32948258203125 0.55571208984375 0.322925205078125 0.549154712890625 0.324564548828125 0.52784323828125
1 0.05851646484375 0 0.05571208984375 0.00325307421875 0.05899077734375 0.02620389453125 0.096695697265625 0.047515369140625 0.088498974609375 0.05735143359375 0.072105533203125 0.288498974609375 0.039318646484375 0.539318646484375 0.038564953125 0.5890625 0.114580640625 0.5890625 0.170466189453125 0.05735143359375 0.17948258203125 0.046695697265625 0.20899077734375 0.046695697265625 0.218007171875 0.037679302734375 0.218007171875 0.013089138671875 0.2090514453125 0 0.05851646484375 0
1 0.83021230859375 0.3654069765625 0.76914360546875 0.28982558203125 0.708074904296875 0.28401162890625 0.6296875 0.331773255859375 0.6296875 0.5890625 0.84580978515625 0.5890625 0.8569298671875 0.53401162890625 0.84929627734375 0.42354651171875 0.83021230859375 0.3654069765625
1 0.161039958984375 0.82315573828125 0.1659579921875 0.82807376953125 0.174154712890625 0.811680328125 0.220056353515625 0.769057376953125 0.249564548828125 0.72971311328125 0.39274941015625 0.5890625 0.313565248046875 0.5890625 0.144646515625 0.767418033203125 0.138089138671875 0.79528688671875 0.1659579921875 0.819877048828125 0.161039958984375 0.82315573828125
1 0.445010263671875 0.5890625 0.6296875 0.855297703125 0.6296875 0.759386568359375 0.51058871484375 0.5890625 0.445010263671875 0.5890625
1 0.438089138671875 0.67069672265625 0.42579405859375 0.609221310546875 0.37907274609375 0.618237705078125 0.387269466796875 0.67561475390625 0.438089138671875 0.67069672265625
1 0.57732555078125 1 0.58399077734375 0.97889344140625 0.5421875 0.955122951171875 0.520876025390625 0.95184426171875 0.50694159765625 0.97561475390625 0.50530225390625 0.992008197265625 0.519603376953125 1 0.57732555078125 1
1 0.33935024609375 1 0.272515369140625 0.757581966796875 0.261859630859375 0.75184426171875 0.22743340234375 0.764959015625 0.22497438671875 0.77889344140625 0.2692366796875 0.95430327734375 0.28235143359375 0.97561475390625 0.285835041015625 1 0.33935024609375 1
1 0.276135587890625 1 0.27743340234375 0.980532787109375 0.2667776640625 0.961680328125 0.220056353515625 0.967418033203125 0.219241802734375 1 0.276135587890625 1
1 0.86170594140625 0.652126025390625 0.85514856640625 0.622617828125 0.83137807421875 0.61360143359375 0.767443646484375 0.616880123046875 0.740394466796875 0.64065061328125 0.742033810546875 0.66196208984375 0.773181353515625 0.68163422265625 0.77973873046875 0.7963883203125 0.80924692578125 0.81114241796875 0.83301741796875 0.81032274609375 0.842033810546875 0.7980276640625 0.84367315625 0.76032274609375 0.83383708984375 0.678355533203125 0.86170594140625 0.652126025390625
1 0.95596823828125 0.60868340234375 0.90842725390625 0.592289958984375 0.87891905859375 0.592289958984375 0.86006659765625 0.616060451171875 0.86170594140625 0.630814548828125 0.88137807421875 0.6488473359375 0.864984630859375 0.68655225390625 0.84695184375 0.7734375 0.897771515625 0.78655225390625 0.90760758203125 0.779994876953125 0.940394466796875 0.67179815625 0.965804302734375 0.66278176171875 0.974820697265625 0.64065061328125 0.95596823828125 0.60868340234375
1 1 0.687822318359375 0.967443646484375 0.674257171875 0.949410861328125 0.679175205078125 0.940394466796875 0.693109630859375 0.942033810546875 0.71114241796875 0.95514856640625 0.722617828125 0.95350922265625 0.73245389453125 0.896132171875 0.829175205078125 0.90842725390625 0.852945697265625 0.93711577734375 0.866880123046875 0.949410861328125 0.866060451171875 0.964984630859375 0.8472079921875 1 0.78321438671875 1 0.687822318359375
1 1 0.81355290234375 0.999410861328125 0.81442110546875 0.974820697265625 0.866880123046875 0.973181353515625 0.88819159765625 0.951869876953125 0.8980276640625 0.951869876953125 0.916060451171875 0.938755123046875 0.922617828125 0.942033810546875 0.93573258203125 0.93055840234375 0.945568646484375 0.93055840234375 0.98819159765625 0.91004907421875 1 0.97207991796875 1 0.97809938671875 0.9963883203125 0.992853484375 0.953765369140625 1 0.945725537109375 1 0.81355290234375