1 0.487258224609375 0.1862419453125 0.483622634765625 0.181748474609375 0.458979296875 0.177242501953125 0.387118564453125 0.00682901953125 0.328701888671875 0.019031931640625 0.3773915234375 0.127586560546875 0.388407296875 0.13932735546875 0.4146474375 0.20405558984375 0.40180088671875 0.229557296875 0.413450109375 0.24467625390625 0.477652841796875 0.225121322265625 0.491743455078125 0.210161521484375 0.487258224609375 0.1862419453125
1 0.178012021484375 0.582595126953125 0.250119021484375 0.57393352734375 0.548276451171875 0.511650125 0.54205665625 0.47848016015625 0.194385744140625 0.519496544921875 0.16247093359375 0.527918609375 0.154453236328125 0.54626825390625 0.1571909765625 0.570269732421875 0.178012021484375 0.582595126953125
1 0.359170181640625 0.387658119140625 0.341108482421875 0.371245830078125 0.294468380859375 0.36694675390625 0.269282767578125 0.37835123046875 0.28887169921875 0.407608798828125 0.284372751953125 0.4682268046875 0.29067244921875 0.47831990234375 0.306200353515625 0.4812195546875 0.331329576171875 0.4742149609375 0.340466611328125 0.447732908203125 0.338271146484375 0.407820978515625 0.359170181640625 0.387658119140625
1 0.25151509375 0.048566958984375 0.235557689453125 0.052777990234375 0.226533431640625 0.07046027734375 0.198236966796875 0.060574080078125 0.15487687890625 0.06436603125 0.14823885546875 0.080672228515625 0.1536231640625 0.109386576171875 0.215157724609375 0.113207146484375 0.22268953125 0.106368072265625 0.24201812890625 0.12953667578125 0.2512463359375 0.122343234375 0.2584830234375 0.085726705078125 0.25151509375 0.048566958984375
1 0 0.544975314453125 0.093461830078125 0.606658328125 0.17347884375 0.589943228515625 0 0.47492566015625 0 0.544975314453125
1 0.613300048828125 0.2938732109375 0.502823845703125 0.26925288671875 0.548276451171875 0.511650125 0.884247240234375 0.441467728515625 0.8736153515625 0.36740524609375 0.83863615234375 0.28046241015625 0.80497147265625 0.240369876953125 0.661093232421875 0.2300324609375 0.613300048828125 0.2938732109375
1 0.394371904296875 0.611376703125 0.38265787109375 0.680522865234375 0.356606455078125 0.994607201171875 0.444151421875 0.993310240234375 0.444279943359375 0.91513937890625 0.452262853515625 0.87310124609375 0.451355888671875 0.811857263671875 0.4719610234375 0.52759198828125 0.39785273046875 0.543072791015625 0.394371904296875 0.611376703125
1 0.260808779296875 0.947322125 0.2935957734375 0.976455556640625 0.30955317578125 0.972244521484375 0.324265287109375 0.933188798828125 0.322928822265625 0.8790555 0.304346453125 0.850465287109375 0.271368693359375 0.86261987890625 0.257571970703125 0.883054349609375 0.229908955078125 0.876546310546875 0.147327798828125 0.877999875 0.120185453125 0.883669755859375 0.1153566015625 0.8908218203125 0.114159275390625 0.931442484375 0.123738990234375 0.949626611328125 0.173884662109375 0.9444171875 0.210346384765625 0.950842470703125 0.260808779296875 0.947322125
1 0.887179203125 0.4408552578125 0.9961250625 0.5083017421875 0.99663183203125 0.43988775390625 0.969773861328125 0.423601701171875 0.887179203125 0.4408552578125
1 0.95014146484375 0.88865108984375 0.9374076875 0.905353033203125 0.9376261953125 0.90897145703125 0.99324319921875 0.89735337890625 0.993609125 0.84795323046875 0.98759656640625 0.843966865234375 0.719543732421875 0.475873359375 0.659054375 0.488509244140625 0.773186033203125 0.650043203125 0.94389815234375 0.87415811328125 0.95014146484375 0.88865108984375
1 0.666205037109375 0.81281023046875 0.66353686328125 0.836185732421875 0.68303462109375 0.846154689453125 0.70037169921875 0.8399002109375 0.734173673828125 0.789835759765625 0.73980513671875 0.772862205078125 0.730598533203125 0.75196727734375 0.70998144140625 0.7501307265625 0.69428437109375 0.760430720703125 0.582962021484375 0.696627119140625 0.597101841796875 0.772034310546875 0.65682926953125 0.805114947265625 0.666205037109375 0.81281023046875
1 0.628081701171875 0.830427802734375 0.617065923828125 0.8186870078125 0.6057688125 0.81825498046875 0.617892984375 0.8829127890625 0.64615658203125 0.89861695703125 0.6586648046875 0.899514541015625 0.669680578125 0.911255337890625 0.681872080078125 0.91046384375 0.721874158203125 0.9310691171875 0.733523380859375 0.946188072265625 0.733628328125 0.951585455078125 0.7735745625 0.9432409140625 0.78665394921875 0.9192922265625 0.800676224609375 0.8812582265625 0.798142431640625 0.86774558984375 0.78293125 0.866535017578125 0.741471509765625 0.880461447265625 0.651288974609375 0.841377107421875 0.6385768046875 0.8299906796875 0.628081701171875 0.830427802734375