1 0.8023875 0.82334941015625 0.788083435546875 0.835613220703125 0.72116801171875 0.8643022578125 0.721201466796875 0.92429678125 0.730888005859375 0.922014103515625 0.7451920703125 0.909750294921875 0.757715314453125 0.911912599609375 0.770230626953125 0.8998479921875 0.7845416328125 0.900032728515625 0.795267203125 0.886388962890625 0.811366958984375 0.88637449609375 0.820305759765625 0.87648666015625 0.834615775390625 0.874893033203125 0.84355358203125 0.863226833984375 0.856076828125 0.865389138671875 0.868591150390625 0.85154616796875 0.882902154296875 0.85173090625 0.891839962890625 0.84006470703125 0.91330201171875 0.832339173828125 0.93118952734375 0.830347140625 0.9534952109375 0.8376188125 0.95775383984375 0.755488126953125 0.942761376953125 0.730353119140625 0.926660625 0.72858922265625 0.90253875390625 0.778405111328125 0.84888612109375 0.802164849609375 0.8399483125 0.813831048828125 0.8023875 0.82334941015625
1 0.937197767578125 0.37705630078125 0.94079411328125 0.410446810546875 0.952430421875 0.426046447265625 0.974747595703125 0.4180131015625 0.974714419921875 0.35852293359375 0.95597321484375 0.36340530078125 0.937197767578125 0.37705630078125
1 0.74759404296875 0.405285306640625 0.752954349609375 0.39401751171875 0.74221787109375 0.388099275390625 0.74399571484375 0.3683380703125 0.73325824609375 0.36064146875 0.7350390625 0.346215353515625 0.720860349609375 0.31260001953125 0.72095919140625 0.48984665234375 0.7333504765625 0.526029314453125 0.744095876953125 0.547952828125 0.756621107421875 0.55367186328125 0.778998853515625 0.5840815546875 0.78881665625 0.546529474609375 0.781651732421875 0.5295426484375 0.78880178125 0.519854013671875 0.776274568359375 0.51057825390625 0.781633880859375 0.49753209765625 0.772683181640625 0.486079564453125 0.776250765625 0.46789751953125 0.763724544921875 0.460400123046875 0.7690828671875 0.445575599609375 0.756554662109375 0.4345214765625 0.760124232421875 0.41989616015625 0.74759404296875 0.405285306640625
1 0.89712093359375 0.686527796875 0.9203776796875 0.689273244140625 0.9320020859375 0.68353251171875 0.9158735703125 0.631974423828125 0.90065678125 0.6114381015625 0.89081815234375 0.6116445390625 0.86489959765625 0.64743271875 0.81750610546875 0.667827697265625 0.8193067578125 0.68896886328125 0.838104025390625 0.714441869140625 0.866721076171875 0.70591952734375 0.89712093359375 0.686527796875
1 0.90502800390625 0.430436150390625 0.8041499765625 0.2365678125 0.73645042578125 0.2441071328125 0.8567515390625 0.471381919921875 0.866591162109375 0.47295384765625 0.9041460234375 0.452765302734375 0.90502800390625 0.430436150390625
1 0.549140439453125 0.552729517578125 0.535716373046875 0.539107447265625 0.480252173828125 0.522164017578125 0.457893271484375 0.525543244140625 0.44716473046875 0.533851916015625 0.443596150390625 0.550255599609375 0.465071087890625 0.565648798828125 0.4632853125 0.571183095703125 0.29364944140625 0.979525849609375 0.358896541015625 0.97565935546875 0.4919489765625 0.64624385546875 0.502659669921875 0.60592462890625 0.5178496796875 0.578445125 0.541103453125 0.575855482421875 0.549149365234375 0.56873479296875 0.549140439453125 0.552729517578125
1 0.296219 0.916138388671875 0.31141000390625 0.890437248046875 0.30782258203125 0.87305201171875 0.24252074609375 0.858093384765625 0.236245734375 0.8330043203125 0.225508263671875 0.82530771875 0.1987007890625 0.87097650390625 0.196940798828125 0.92274826171875 0.20499166796875 0.924519392578125 0.226447763671875 0.906123677734375 0.26938772265625 0.9191264375 0.296219 0.916138388671875
1 0.334441630859375 0.489494078125 0.3192278203125 0.47429284765625 0.27271035546875 0.4616884921875 0.248561708984375 0.463488556640625 0.2306851015625 0.485042591796875 0.246796759765625 0.50636849609375 0.214653771484375 0.607764171875 0.182488966796875 0.670035841796875 0.056163830078125 0.9935990703125 0.122295109375 0.9896801796875 0.148642515625 0.924570021484375 0.2879618515625 0.5444675546875 0.3013660859375 0.52252234375 0.32104235546875 0.52033110546875 0.3344525390625 0.509056080078125 0.334441630859375 0.489494078125
1 0.129682607421875 0.607445328125 0.113583841796875 0.60923815625 0.10554090625 0.6216939375 0.135068697265625 0.64241499609375 0.185167630859375 0.661734396484375 0.209294458984375 0.620810328125 0.2200001953125 0.571599283203125 0.202996638671875 0.554818892578125 0.173476779296875 0.54832474609375 0.129682607421875 0.607445328125
1 0.059019474609375 0.601976126953125 0.050078689453125 0.608307234375 0.053666111328125 0.62569246875 0.044727310546875 0.6355803046875 0.046524990234375 0.651386375 0.0375861875 0.66127421484375 0.03582024609375 0.7023757890625 0.025093685546875 0.71424119140625 0.02868110546875 0.731626421875 0.017953552734375 0.74171346484375 0.023327744140625 0.755342765625 0.012599197265625 0.76365144140625 0.019764123046875 0.78063826953125 0.012617048828125 0.7956619921875 0.0242672421875 0.836158720703125 0.03231513671875 0.832594763671875 0.051970580078125 0.793057884765625 0.062699125 0.784749208984375 0.11982216015625 0.568527755859375 0.164522111328125 0.5297587578125 0.161835513671875 0.5238332890625 0.1063723046875 0.508668224609375 0.044654916015625 0.505759734375 0.041082369140625 0.515049958984375 0.067939431640625 0.558299375 0.059019474609375 0.601976126953125
1 0.020108640625 0.3238821171875 0.010568466796875 0.3299298359375 0.07408452734375 0.35042276171875 0.08839156640625 0.343494044921875 0.100917787109375 0.35099144140625 0.113435083984375 0.342483564453125 0.131327560546875 0.34938334765625 0.14563459765625 0.342454630859375 0.181413603515625 0.34558401953125 0.202876638671875 0.339636853515625 0.208245869140625 0.3443743359375 0.217186654296875 0.3380432265625 0.281584693359375 0.336207 0.32990380078125 0.3717308828125 0.336161951171875 0.36658776171875 0.34238674609375 0.2879918046875 0.020108640625 0.3238821171875
1 0 0.569278798828125 0.02141205078125 0.5279113828125 0.05535569140625 0.447656869140625 0.075018076171875 0.420568537109375 0.07500716796875 0.40100653125 0.05084761328125 0.383244591796875 0.037431478515625 0.383849435546875 0.0267029375 0.392158109375 0 0.44163863671875 0 0.569278798828125
1 0.616454529296875 0 0.6346941640625 0.060601130859375 0.67351955078125 0.09236028125 0.7207367578125 0.09097591015625 0.7206860234375 0 0.616454529296875 0
1 0.34731560546875 0.21488641015625 0.3542008359375 0.286676134765625 0.5816671328125 0.261344484375 0.549973361328125 0.20634987890625 0.55711146484375 0.119356482421875 0.536958873046875 0.06547153515625 0.48520618359375 0.04918412109375 0.421973462890625 0.06624907421875 0.363075966796875 0.124928216796875 0.34731560546875 0.21488641015625