1 0.48089351953125 0 0.15284137890625 0.35676567578125 0.149541048828125 0.378217822265625 0.172643357421875 0.399669966796875 0.18997008984375 0.393894388671875 0.3360096953125 0.242904291015625 0.55 0.00365611328125 0.55 0 0.48089351953125 0
1 0.33686083203125 0 0.334359529296875 0.0118811875 0.341785271484375 0.016006599609375 0.359937087890625 0.001155115234375 0.369838078125 0.014356435546875 0.4185179453125 0.03168316796875 0.430069099609375 0.021782177734375 0.433508390625 0 0.33686083203125 0
1 0.321158208984375 0.14059405859375 0.3021813125 0.11831683203125 0.29063015625 0.11831683203125 0.25762685546875 0.1381188125 0.246075701171875 0.15792079296875 0.224623556640625 0.1397689765625 0.213897482421875 0.142244224609375 0.23534962890625 0.2 0.26010210546875 0.21980198046875 0.266702763671875 0.216501650390625 0.27082817578125 0.194224421875 0.31043213671875 0.177722771484375 0.3244585390625 0.16369637109375 0.321158208984375 0.14059405859375
1 0.67574989453125 0 0.80425433203125 0.306100453125 0.84715862109375 0.382008044921875 0.86448535546875 0.381182962890625 0.895013408203125 0.358905734375 0.88511241796875 0.3308529296875 0.881812087890625 0.292899134765625 0.75235390625 0 0.67574989453125 0
1 0.55 0 0.55 0.02043321484375 0.584782384765625 0.091579001953125 0.6359375 0.170786921875 0.73989789453125 0.368806724609375 0.78845703515625 0.4390625 0.849195544921875 0.4390625 0.84550845703125 0.43316316015625 0.848808787109375 0.401810025390625 0.84385829296875 0.388608705078125 0.835607466796875 0.382008044921875 0.8314820546875 0.36138098046875 0.8240563125 0.362206064453125 0.82653155859375 0.369631806640625 0.82075598046875 0.36550639453125 0.814155322265625 0.342404083984375 0.772901197265625 0.281347978515625 0.71184508984375 0.152635107421875 0.624786548828125 0 0.55 0
1 0.73494740234375 0.39025887109375 0.713495255859375 0.358905734375 0.713495255859375 0.347354580078125 0.568280734375 0.1575856015625 0.56745565234375 0.09075391796875 0.55 0.10172604296875 0.55 0.22706673046875 0.660689974609375 0.35395523828125 0.72999690625 0.40841068359375 0.73659756640625 0.40841068359375 0.73494740234375 0.39025887109375
1 0.1785220703125 0.483663365234375 0.457399958984375 0.70808580859375 0.55 0.77743562109375 0.55 0.70396590234375 0.211646109375 0.4390625 0.13139880859375 0.4390625 0.12489170703125 0.4514851484375 0.126541873046875 0.46963696484375 0.138918111328125 0.48531353125 0.1785220703125 0.483663365234375
1 0.119750142578125 1 0.118291048828125 0.99603960546875 0.12324154296875 0.9778877890625 0.113340552734375 0.966336634765625 0.1166408828125 0.954785478515625 0.11004022265625 0.92343234375 0.13644286328125 0.882178216796875 0.11911612890625 0.876402640625 0.025056724609375 0.892904291015625 0.01433065234375 0.90363036328125 0.05558477734375 0.93333333203125 0.058885107421875 0.953135314453125 0.065485767578125 0.95643564453125 0.0621854375 0.9778877890625 0.07043626171875 0.98448844921875 0.067333953125 1 0.119750142578125 1
1 0.25442966015625 0.7427392734375 0.2461788359375 0.74768976953125 0.23875309375 0.723762376953125 0.232977517578125 0.72293729296875 0.21895111328125 0.76666666796875 0.21730094921875 0.802970296875 0.235452763671875 0.79471947265625 0.241228341796875 0.7691419140625 0.247829001953125 0.7955445546875 0.282482466796875 0.79719471875 0.29815903515625 0.804620462890625 0.31136035546875 0.791419142578125 0.316310849609375 0.760066005859375 0.30558477734375 0.752640263671875 0.300634283203125 0.75594059375 0.25442966015625 0.7427392734375
1 0 0.5844343984375 0.019281146484375 0.585148515625 0.01763098046875 0.59174917578125 0.04403362109375 0.641254125 0.05558477734375 0.644554455078125 0.088588078125 0.629702970703125 0.072086427734375 0.583498349609375 0.059710189453125 0.5661716171875 0.050634283203125 0.56534653515625 0.050634283203125 0.55379537890625 0.067961015625 0.54636963671875 0.066310849609375 0.5397689765625 0.039908208984375 0.54471947265625 0 0.569746654296875 0 0.5844343984375
1 1 0.4390625 0.55 0.4390625 0.55 0.65743907421875 0.58198702734375 0.668101416015625 1 0.668101416015625 1 0.4390625