1 0.21408869140625 0 0.211508513671875 0.0189213046875 0.21898359765625 0.03802429296875 0.289581603515625 0.0421771171875 0.343568314453125 0.03802429296875 0.35 0.036595029296875 0.35 0 0.21408869140625 0
1 0.6572265625 0.51171875 0.015625 0.021484375
1 0.814453125 0.4638671875 0.015625 0.0185546875
1 0.8095703125 0.408203125 0.017578125 0.0185546875
1 0.8056640625 0.556640625 0.015625 0.0205078125
1 0.93359375 0.505859375 0.0205078125 0.0283203125
1 0.927734375 0.3271484375 0.015625 0.0185546875
1 0.955078125 0.333984375 0.015625 0.0185546875
1 0.501953125 0.232421875 0.0205078125 0.025390625
1 0.5888671875 0.27734375 0.013671875 0.0234375
1 0.576171875 0.49609375 0.0185546875 0.033203125
1 0.5888671875 0.525390625 0.0205078125 0.03125
1 0 0.903979953125 0.294516509765625 0.903979953125 0.35 0.88548545703125 0.35 0.6581761015625 0.34640330078125 0.653979953125 0.299233490234375 0.639829009765625 0 0.645319533203125 0 0.903979953125
1 1 0.6390625 0.35321419140625 0.6390625 0.36907703515625 0.67645348828125 0.4349685078125 0.7287790703125 1 0.83758580859375 1 0.6390625