1 0.093085708984375 0.7862494765625 0.079094103515625 0.785418701171875 0.059293259765625 0.802388197265625 0.0207148203125 0.77179965234375 0.00402386328125 0.76162390234375 0.008461453125 0.82974803125 0.035983033203125 0.8457190859375 0.032832537109375 0.86421726171875 0.043221619140625 0.87660691796875 0.05223476171875 0.881246361328125 0.06241769921875 0.877098673828125 0.077937984375 0.861279103515625 0.104265833984375 0.81078290234375 0.093085708984375 0.7862494765625
1 0.6031199453125 0.643638443359375 0.608550431640625 0.646769072265625 0.58075350390625 0.67471255078125 0.58961390625 0.703752546875 0.893996234375 0.98590587890625 0.978707431640625 0.98038780859375 0.97873085546875 0.97933369921875 0.911820732421875 0.916216994140625 0.703241837890625 0.736421126953125 0.66930284375 0.69681944140625 0.617789587890625 0.654878166015625 0.60798540234375 0.638094947265625 0.6031199453125 0.643638443359375
1 0.980919033203125 0.880865763671875 0.983474970703125 0.765848501953125 0.916273896484375 0.877598822265625 0.90778605078125 0.9077688828125 0.919909958984375 0.920045529296875 0.94314071875 0.9289853984375 0.96363946484375 0.90935716015625 0.980919033203125 0.880865763671875
1 0.89804146484375 0.851782595703125 0.906814921875 0.785879115234375 0.85269633203125 0.78417783203125 0.847977421875 0.845461734375 0.89804146484375 0.851782595703125
1 0.975043025390625 0.482649841796875 0.988031158203125 0.479776830078125 0.98431648046875 0.42275059375 0.955793537109375 0.441220189453125 0.958658423828125 0.45845543359375 0.975043025390625 0.482649841796875
1 0.70857789453125 0.497394044921875 0.67382928125 0.68607147265625 0.677392072265625 0.700647974609375 0.71472744140625 0.7121534453125 0.72560828125 0.705347017578125 0.7819925703125 0.432756849609375 0.72386679296875 0.436543150390625 0.720987416015625 0.473937275390625 0.70857789453125 0.497394044921875
1 0.7054671328125 0.48975684375 0.715443923828125 0.46907181640625 0.712014005859375 0.44316244921875 0.71872729296875 0.439240775390625 0.717850072265625 0.436935078125 0.651507595703125 0.44125661328125 0.655629099609375 0.486905630859375 0.7054671328125 0.48975684375
1 0.351689537109375 0.5816181953125 0.332572923828125 0.528855677734375 0.3609746171875 0.4834509453125 0.361579380859375 0.465989689453125 0.366246275390625 0.459838478515625 0.314755587890625 0.4631925703125 0.322986841796875 0.5895554375 0.3306257578125 0.592572306640625 0.351689537109375 0.5816181953125
1 0.96009652734375 0.183325015625 0.9676210859375 0.166449607421875 0.962201392578125 0.083248646484375 0.95989657421875 0.08664671484375 0.934326224609375 0.095281107421875 0.8716663828125 0.08281198828125 0.872191681640625 0.1176214921875 0.901830248046875 0.17144079296875 0.935071341796875 0.21370122265625 0.956926162109375 0.2148908828125 0.96009652734375 0.183325015625
1 0.90592543359375 0.02013167578125 0.9346118359375 0.0595476875 0.92948063671875 0.08775691015625 0.9432462265625 0.08511803515625 0.95993054296875 0.048387470703125 0.958165587890625 0.021292568359375 0.90592543359375 0.02013167578125
1 0.792774681640625 0.02174790625 0.79671818359375 0.01770484765625 0.666037318359375 0.014800830078125 0.671808830078125 0.023529947265625 0.69238084765625 0.0317719140625 0.70440542578125 0.109387005859375 0.721281783203125 0.1143853359375 0.788700267578125 0.039435173828125 0.792774681640625 0.02174790625