1 0.5071737421875 0.2580286953125 0.49223663671875 0.277682783203125 0.4953812890625 0.305984669921875 0.47651080078125 0.31875 0.56928066015625 0.31875 0.56928066015625 0.316990958984375 0.53547562890625 0.265890330078125 0.51818003125 0.2564563671875 0.5071737421875 0.2580286953125
1 0.80603680859375 0 0.80187696484375 0.14975432421875 0.8 0.152167564453125 0.8 0.22081073046875 0.81209708984375 0.224439857421875 0.855336083984375 0.225226021484375 0.897002751953125 0.221295205078125 0.913512185546875 0.211075078125 0.919801494140625 0.198496462890625 0.91822916796875 0.17333923046875 0.89228576953125 0.1662637578125 0.8773486640625 0.15132665234375 0.88206564453125 0.140320361328125 0.888651078125 0 0.80603680859375 0
1 0.184316037109375 0.917836083984375 0.19375 0.90997444921875 0.2047562890625 0.913119103515625 0.215762578125 0.90525746875 0.2267688671875 0.90840212109375 0.237775158203125 0.89896816015625 0.2503537734375 0.90054048828125 0.26607704296875 0.891106525390625 0.3195361640625 0.914691431640625 0.32346698046875 0.88874803515625 0.304599056640625 0.81799331640625 0.286517294921875 0.80620086328125 0.25821541015625 0.8486536953125 0.2267688671875 0.85337067578125 0.218907232421875 0.859659984375 0.203183962890625 0.856515330078125 0.196894654296875 0.86437696484375 0.181171384765625 0.861232310546875 0.173309748046875 0.869093947265625 0.1591588046875 0.867521619140625 0.149724841796875 0.873810927734375 0.1371462265625 0.8706662734375 0.127712263671875 0.880100236328125 0.1135613203125 0.87852791015625 0.10727201171875 0.884817216796875 0.0915487421875 0.8816725625 0.0341588046875 0.92019457421875 0.066391509765625 0.93513168359375 0.08604559765625 0.935917845703125 0.116705974609375 0.93355935546875 0.148152515625 0.92098073828125 0.1607311328125 0.92412539453125 0.168592767578125 0.9162637578125 0.184316037109375 0.917836083984375
1 0 0.50822578515625 0.26607704296875 0.630100236328125 0.2841588046875 0.66233294140625 0.305385220703125 0.65997444921875 0.328183962890625 0.62459708984375 0.33604559765625 0.590005896484375 0.32425314453125 0.57192413671875 0.31167452734375 0.56877948046875 0.283372642578125 0.578213443359375 0 0.448195408203125 0 0.50822578515625
1 0 0.7906815859375 0.2047562890625 0.755886400390625 0.51764937109375 0.691420990234375 0.526297169921875 0.687490173828125 0.53101415234375 0.674911556640625 0.52786949609375 0.64818199609375 0.520794025390625 0.63796187109375 0.50507075390625 0.63796187109375 0 0.74097913671875 0 0.7906815859375
1 0.17924639453125 1 0.03022798828125 0.919408412109375 0.01607704296875 0.92255306640625 0.00821541015625 0.914691431640625 0 0.914826109375 0 0.961161556640625 0.003498427734375 0.9618612421875 0.012932390625 0.974439857421875 0.025511005859375 0.974439857421875 0.033372642578125 0.9854461484375 0.044378931640625 0.9854461484375 0.055385220703125 0.9964524375 0.06481918359375 0.994880109375 0.06847624609375 1 0.17924639453125 1
1 0.416387244140625 1 0.367492138671875 0.838433568359375 0.355699685546875 0.817207154296875 0.344693396484375 0.815634826171875 0.31403301953125 0.83214426171875 0.31088836328125 0.85258451171875 0.328183962890625 0.891892689453125 0.359815361328125 1 0.416387244140625 1
1 0.537303458984375 0.72837067578125 0.537303458984375 0.76138954296875 0.544378931640625 0.77318199609375 0.556957546875 0.777898978515625 0.605699685546875 0.77475432421875 0.62063679296875 0.78497444921875 0.628498427734375 0.778685142578125 0.628498427734375 0.755100236328125 0.61985062890625 0.70714426171875 0.588404087890625 0.721295205078125 0.537303458984375 0.72837067578125
1 0.68588836328125 0.777898978515625 0.68824685546875 0.816420990234375 0.66466194921875 0.85572916796875 0.673309748046875 0.8706662734375 0.6929638359375 0.880886400390625 0.707900943359375 0.8816725625 0.73541666796875 0.835288916015625 0.765290880859375 0.81799331640625 0.73148584765625 0.793622248046875 0.68588836328125 0.777898978515625
1 0.271580189453125 0.777112814453125 0.287303458984375 0.76138954296875 0.283372642578125 0.7574587265625 0.240919810546875 0.74959708984375 0.205542453125 0.758244890625 0.218121068359375 0.778685142578125 0.22126572265625 0.840005896484375 0.23227201171875 0.85415683984375 0.247209119140625 0.85337067578125 0.265290880859375 0.84157822265625 0.270007861328125 0.827427279296875 0.26686320703125 0.794408412109375 0.271580189453125 0.777112814453125
1 1 0.547306498046875 0.9966686328125 0.558814857421875 0.971511400390625 0.60755699609375 0.96836674609375 0.651582154296875 0.9156937890625 0.6476513359375 0.90861831640625 0.65472680859375 0.92198309765625 0.674380896484375 0.998240958984375 0.7050412734375 1 0.704674806640625 1 0.670530150390625 0.993523978515625 0.66573309765625 0.99981328515625 0.650009826171875 1 0.649837474609375 1 0.547306498046875