1 0.54210762890625 0 0.500764728515625 0.0502242578125 0.49806998828125 0.14821798046875 0.621281359375 0 0.54210762890625 0
1 1 0.31381373046875 0.98846558203125 0.3114724609375 0.968270359375 0.320140171875 0.959353697265625 0.31451675 0.951851283203125 0.323439595703125 0.9045569375 0.3279331328125 0.85453384375 0.29970668359375 0.857047013671875 0.373253759765625 0.87182018359375 0.4298073359375 0.88279948828125 0.42639856640625 0.9138903359375 0.384377369140625 0.941288712890625 0.377669173828125 0.95745841015625 0.383438388671875 0.968637216796875 0.3727747109375 0.986620171875 0.37858037109375 0.9941225859375 0.36965752734375 1 0.371555005859375 1 0.31381373046875
1 0.758229994140625 0.206127044921875 0.7745991953125 0.204641349609375 0.76451766015625 0.175403025390625 0.777142869140625 0.1121412578125 0.75837797265625 0.1017830546875 0.72583907421875 0.0974995390625 0.706643021484375 0.168795513671875 0.684435037109375 0.18468168359375 0.694183517578125 0.193043919921875 0.758229994140625 0.206127044921875
1 0.517486662109375 0.44990591015625 0.539311712890625 0.41495737890625 0.593476162109375 0.3915472734375 0.592411041015625 0.364304916015625 0.579285427734375 0.346801146484375 0.566642494140625 0.34473228515625 0.51527274609375 0.36547647265625 0.5057076953125 0.383431505859375 0.5050753828125 0.37343778125 0.49527703125 0.366889271484375 0.4920538359375 0.36699401953125 0.490836015625 0.4112797890625 0.49985283984375 0.43140416015625 0.517486662109375 0.44990591015625
1 0.263082962890625 0 0.1849956796875 0.092871548828125 0.171409099609375 0.211393453125 0.194516025390625 0.30999292578125 0.269231072265625 0.40962976171875 0.37088581640625 0.4684881015625 0.489067265625 0.475599943359375 0.502145853515625 0 0.263082962890625 0
1 0.5065538194444444 0.8773582175925926 0.017751736111111027 0.023697916666666652
1 0.6840277777777778 0.5758680555555555 0.021686921296296235 0.02766203703703707
1 0.5867042824074074 0.6222366898148148 0.01581307870370363 0.025622106481481444
1 0.5953197337962963 0.8623697916666666 0.023712384259259256 0.037456597222222054
1 0.5809027777777778 0.8938368055555556 0.023683449074074048 0.033550347222222276
1 0.335155341796875 0.977639177734375 0.33418997265625 0.946769369140625 0.32449137109375 0.936593404296875 0.307290353515625 0.935340283203125 0.3086209296875 0.919941828125 0.298573193359375 0.922461955078125 0.3020999609375 0.9261623046875 0.288126451171875 0.93949190234375 0.27822834375 0.936570845703125 0.28059023828125 0.916656294921875 0.250512984375 0.888830771484375 0.013878142578125 0.519676482421875 0.003847962890625 0.5194748671875 0.00454283203125 0.61328223046875 0.122352427734375 0.79914761328125 0.212402408203125 0.955209724609375 0.2318993671875 0.971934197265625 0.21895260546875 0.98709916015625 0.326119626953125 0.989253296875 0.335155341796875 0.977639177734375