1 0.575907736328125 0 0.5698986796875 0.010357130859375 0.570040525390625 0.05318466796875 0.559011685546875 0.06221146875 0.56279746875 0.07860879296875 0.5538818046875 0.090648259765625 0.5500063828125 0.12912354296875 0.541299794921875 0.14283609375 0.544667423828125 0.155887255859375 0.53405673828125 0.168260216796875 0.5299946484375 0.191344267578125 0.4765454765625 0.236144765625 0.5141159296875 0.251894708984375 0.62053258203125 0.2626702265625 0.590134263671875 0.200082390625 0.59526414453125 0.171645599609375 0.60311201953125 0.164958875 0.599744388671875 0.15190771484375 0.610564150390625 0.141207833984375 0.605292421875 0.126817087890625 0.617598126953125 0.114110626953125 0.6102132265625 0.096707212890625 0.62251893359375 0.08400075390625 0.617665357421875 0.072956171875 0.62827604296875 0.060583208984375 0.624072107421875 0.040839720703125 0.63129275 0.02913375 0.632530240234375 0 0.575907736328125 0
1 0.707844734375 0.363772564453125 0.714856302734375 0.350393509765625 0.711115341796875 0.306559880859375 0.71854505859375 0.2965269921875 0.711160158203125 0.279123578125 0.7183808046875 0.267417603515625 0.712899998046875 0.251353779296875 0.720329720703125 0.241320888671875 0.715267068359375 0.22860322265625 0.7177013671875 0.16469821484375 0.712011486328125 0.146961302734375 0.6903234453125 0.13322914453125 0.662206251953125 0.165331587890625 0.652693154296875 0.283770109375 0.65766616796875 0.351360380859375 0.650654599609375 0.364739435546875 0.65506761328125 0.386156005859375 0.6491238359375 0.394182318359375 0.650008140625 0.395802900390625 0.711770923828125 0.383651052734375 0.7133255390625 0.37983639453125 0.707844734375 0.363772564453125
1 0.784681416015625 0 0.86810542578125 0.352892185546875 0.949645056640625 0.336849236328125 0.947051708984375 0.31842273046875 0.881162615234375 0.06911109375 0.867365345703125 0 0.784681416015625 0
1 0 0.2440179765625 0.37358947265625 0.006125587890625 0.23130975 0.034119171875 0 0.18025931640625 0 0.2440179765625
1 0 0.43121198828125 0.0011855859375 0.460943576171875 0.0148390859375 0.465971224609375 0.268534400390625 0.47085798828125 0.495069359375 0.426287158203125 0.493627716796875 0.41475078125 0.024680693359375 0.405751478515625 0.004549525390625 0.41142651171875 0 0.41935225390625 0 0.43121198828125
1 0.447898240234375 0.26248565625 0.376102560546875 0.2577550859375 0.367444484375 0.306599556640625 0.43234433984375 0.318686646484375 0.44358225390625 0.3113329296875 0.449574544921875 0.3384385390625 0.4580496484375 0.336771060546875 0.467936078125 0.2491150078125 0.447898240234375 0.26248565625
1 0.907276732421875 0.479162060546875 0.8948291796875 0.44904098046875 0.88584258984375 0.439666677734375 0.8640163984375 0.445675208984375 0.52401755859375 0.65793801953125 0.53171801171875 0.719558994140625 0.8991040390625 0.49019823828125 0.907276732421875 0.479162060546875
1 0.85946498828125 0.833126826171875 0.876810935546875 0.846856185546875 0.884778703125 0.910616296875 0.9441771484375 0.898929630859375 0.940363 0.841209166015625 0.95591664453125 0.82795679296875 0.95723715625 0.8024897734375 0.949230154296875 0.794037775390625 0.936737779296875 0.791353001953125 0.88038394921875 0.799012201171875 0.8657559921875 0.807032912109375 0.858001453125 0.821415251953125 0.85946498828125 0.833126826171875
1 0.312524501953125 0.775663728515625 0.304534779296875 0.7395229140625 0.34727623828125 0.63683153515625 0.36944596484375 0.5501871796875 0.3943112734375 0.4990110390625 0.393497376953125 0.47860055859375 0.375639943359375 0.453829419921875 0.34914684375 0.46418459765625 0.324606353515625 0.5110112890625 0.305849080078125 0.583270501953125 0.286300318359375 0.621401083984375 0.26287613671875 0.69800694921875 0.253542318359375 0.70670025390625 0.249248740234375 0.741829375 0.187253541015625 0.766883583984375 0.18226181640625 0.775579689453125 0.1895533828125 0.78528748828125 0.210520859375 0.786304783203125 0.236550984375 0.800039744140625 0.323045546875 0.818163375 0.33047526953125 0.808130486328125 0.312524501953125 0.775663728515625
1 0.094953357421875 0.737045576171875 0.079698173828125 0.7400470390625 0.05387712109375 0.727985162109375 0.041269005859375 0.731322921875 0.034025951171875 0.756747044921875 0.040133984375 0.77783012109375 0.130391919921875 0.8260692265625 0.151893291015625 0.82441015234375 0.17448486328125 0.803680185546875 0.19248044921875 0.808710634765625 0.197890333984375 0.803360693359375 0.1655206875 0.78058773046875 0.16893313671875 0.7662025859375 0.2912883515625 0.55013675390625 0.324188201171875 0.507665125 0.347877349609375 0.455247236328125 0.239122537109375 0.47664478125 0.208299576171875 0.52532359765625 0.094953357421875 0.737045576171875
1 0 0.6785636953125 0.014122576171875 0.68780878125 0.043449408203125 0.6931811328125 0.0606311015625 0.67780110546875 0.100564927734375 0.608232267578125 0.1858909765625 0.49887657421875 0.19555028515625 0.48521763671875 0.0810238046875 0.50775076171875 0 0.623487318359375 0 0.6785636953125