1 0.50477469140625 0.014956287109375 0.5915911015625 0.364977998046875 0.60251048828125 0.365170099609375 0.634631751953125 0.35316975 0.636850703125 0.3310538984375 0.5738325546875 0.0170024453125 0.50477469140625 0.014956287109375
1 0.232532998046875 0.0596341796875 0.245450525390625 0.07374957421875 0.348031931640625 0.482121775390625 0.415452744140625 0.46969083203125 0.313369052734375 0.043861484375 0.329465212890625 0.03501117578125 0.210564892578125 0.05693383203125 0.232532998046875 0.0596341796875
1 1 0.55466503515625 0.99055177734375 0.54980640234375 0.81287819921875 0.5582540546875 0.639833474609375 0.559478990234375 0.659357677734375 0.638195615234375 0.775335716796875 0.6415837421875 0.987601841796875 0.6310993203125 1 0.629378935546875 1 0.55466503515625
1 0.83519188671875 0.69653599609375 0.725447140625 0.682039802734375 0.71071223046875 0.684756603515625 0.70519823828125 0.69358768359375 0.701965052734375 0.721968421875 0.712843794921875 0.74166933984375 0.75542161328125 0.74076505859375 0.836911568359375 0.75178813671875 0.855585107421875 0.78220762890625 0.86787966015625 0.79036000390625 0.88813887109375 0.785756373046875 0.90549430078125 0.755640068359375 0.906245900390625 0.710351505859375 0.90006769921875 0.6854425625 0.887150171875 0.67132716796875 0.858081927734375 0.671477111328125 0.83519188671875 0.69653599609375
1 0.81243093359375 0.946452740234375 0.8066543046875 0.91626014453125 0.79579617578125 0.910447724609375 0.78269848046875 0.912862658203125 0.762861458984375 0.92607113671875 0.77346571484375 0.9824690390625 0.826259302734375 0.9727350390625 0.81243093359375 0.946452740234375
1 1 0.929193986328125 0.849494759765625 0.9543795390625 0.833946400390625 0.960719396484375 0.827895490234375 0.97243336328125 1 0.940701001953125 1 0.929193986328125
1 0.497393212890625 0.483268212890625 0.5786926875 0.503877369140625 0.590534125 0.4825921484375 0.575969076171875 0.461834365234375 0.573930294921875 0.46741988671875 0.5597977421875 0.462211205078125 0.556502701171875 0.44892643359375 0.563051552734375 0.447718966796875 0.572282775390625 0.46077750390625 0.568776638671875 0.443190310546875 0.569548400390625 0.441278916015625 0.47052978125 0.459535814453125 0.47424053125 0.469303421875 0.497393212890625 0.483268212890625
1 0.59623859765625 0.464174986328125 0.581967109375 0.503273634765625 0.584438392578125 0.513237212890625 0.57463573828125 0.528936912109375 0.56244426953125 0.590227044921875 0.546535576171875 0.6296275625 0.542097669921875 0.673859263671875 0.52063374609375 0.694313859375 0.51243737890625 0.68887894140625 0.489727501953125 0.69740749609375 0.491786904296875 0.705710478515625 0.516576794921875 0.71937340234375 0.598288150390625 0.741643154296875 0.61097396875 0.737567626953125 0.591677453125 0.701185115234375 0.58998869921875 0.66676573046875 0.596506619140625 0.644725509765625 0.607544916015625 0.634007595703125 0.603837994140625 0.61906223046875 0.613650955078125 0.610306779296875 0.608718705078125 0.59732387890625 0.619756998046875 0.58660596484375 0.616050076171875 0.5716606015625 0.625863041015625 0.562905150390625 0.621332359375 0.54463859375 0.632782533203125 0.535581275390625 0.626624947265625 0.5245608359375 0.63015325 0.52045078515625 0.6126987578125 0.450078701171875 0.60626265234375 0.45972195703125 0.59623859765625 0.464174986328125
1 0.669430240234375 0.678805630859375 0.64970344921875 0.59927221875 0.62047275 0.655067244140625 0.600414326171875 0.657029046875 0.59776287890625 0.663595798828125 0.63445605859375 0.6976390078125 0.673167404296875 0.712208193359375 0.677105978515625 0.70975225390625 0.67041131640625 0.682761078125 0.668616107421875 0.680053134765625 0.669430240234375 0.678805630859375
1 0.447788353515625 0.852745892578125 0.4334343984375 0.836290537109375 0.468567453125 0.7846627734375 0.46937059375 0.774095462890625 0.434335244140625 0.753638890625 0.41387524609375 0.76088434765625 0.390604251953125 0.805115388671875 0.366669044921875 0.815606408203125 0.395979310546875 0.840591642578125 0.441249814453125 0.860897611328125 0.447788353515625 0.852745892578125
1 0.42778639453125 0.754846357421875 0.43820171484375 0.738165423828125 0.433640107421875 0.69906611328125 0.3699690078125 0.69430858203125 0.340468265625 0.678909427734375 0.334593939453125 0.72080116796875 0.343665611328125 0.76427853515625 0.35328809375 0.76510916015625 0.377012205078125 0.75031571875 0.413664154296875 0.756581923828125 0.42778639453125 0.754846357421875
1 0.632827115234375 1 0.73536962890625 0.9446564921875 0.720387166015625 0.884251001953125 0.50570341015625 1 0.632827115234375 1