1 0 0.484562943359375 0.00003171875 0.48458464453125 0.023431150390625 0.485670078125 0.0636441875 0.401447390625 0.197187947265625 0.03020029296875 0.116171205078125 0.04125763671875 0.1160278046875 0.041705111328125 0 0.362698623046875 0 0.484562943359375
1 0.076251173828125 0.552467072265625 0.07719453125 0.5502201953125 0.142664203125 0.45399234765625 0.1542881796875 0.4147503359375 0.17029831640625 0.39202584765625 0.171249966796875 0.3782030390625 0.229471935546875 0.245308828125 0.281216748046875 0.15095417578125 0.292840724609375 0.111712166015625 0.3383926171875 0.010928373046875 0.251544697265625 0.02278156640625 0.129683529296875 0.28460240234375 0.10443019140625 0.327416197265625 0.089661482421875 0.372222255859375 0.037630185546875 0.461481158203125 0.024672580078125 0.507751650390625 0.028011595703125 0.536393400390625 0.019182216796875 0.56025596875 0.076251173828125 0.552467072265625
1 0.302097107421875 0.214857396484375 0.16201005859375 0.4291009765625 0.14228551953125 0.478006650390625 0.141524857421875 0.495226626953125 0.146767173828125 0.496222759765625 0.21586234375 0.43373241015625 0.354378673828125 0.237675169921875 0.375665552734375 0.23539349609375 0.372744833984375 0.1834420625 0.361234513671875 0.175121302734375 0.2990873828125 0.145947732421875 0.302097107421875 0.214857396484375
1 0.302562072265625 0.521579666015625 0.3850663515625 0.402607533203125 0.378896703125 0.292866669921875 0.205018212890625 0.5348926640625 0.302562072265625 0.521579666015625
1 0.477979814453125 0.20950915234375 0.4520086171875 0.22417926171875 0.454395982421875 0.2666438203125 0.473794529296875 0.2888146953125 0.504770953125 0.286298580078125 0.524785271484375 0.2732972890625 0.533745287109375 0.278920869140625 0.541845849609375 0.26925720703125 0.58950087109375 0.25590668359375 0.6079938671875 0.277345337890625 0.63472901953125 0.276263890625 0.657697080078125 0.254301384765625 0.66064752734375 0.214531541015625 0.645868935546875 0.166911697265625 0.6304745703125 0.154464017578125 0.60969629296875 0.153876654296875 0.5930176953125 0.1647110625 0.579009650390625 0.1922971484375 0.477979814453125 0.20950915234375
1 0.4685588046875 0.349435828125 0.48285662890625 0.357754125 0.494674890625 0.35271791015625 0.5348978125 0.360921125 0.551862892578125 0.355182462890625 0.5676853359375 0.359869443359375 0.575976890625 0.353602947265625 0.595230546875 0.35782162890625 0.63573665625 0.340311958984375 0.631972859375 0.35023953515625 0.64636947265625 0.391065046875 0.654614927734375 0.399353576171875 0.66914983984375 0.396514013671875 0.680490626953125 0.38298488671875 0.693543728515625 0.3384129765625 0.694110107421875 0.286987203125 0.684432232421875 0.253219939453125 0.64888195703125 0.26662999609375 0.622673669921875 0.292457962890625 0.598655169921875 0.295736060546875 0.585977458984375 0.285485033203125 0.56910787109375 0.292922279296875 0.558145765625 0.2824371015625 0.54842508984375 0.294033494140625 0.527360330078125 0.288350380859375 0.5036283125 0.296724224609375 0.468743201171875 0.2912157265625 0.454349884765625 0.28119884765625 0.441102498046875 0.291564958984375 0.423373458984375 0.283714962890625 0.41627394140625 0.295809419921875 0.41656372265625 0.331713802734375 0.392545220703125 0.3349918984375 0.39383275 0.3425184453125 0.4160401484375 0.337775916015625 0.428908849609375 0.351424109375 0.44253821484375 0.347852330078125 0.460267251953125 0.35570232421875 0.4685588046875 0.349435828125
1 0 0.671991904296875 0.01923451171875 0.64818308984375 0.039436521484375 0.607770328125 0.051063794921875 0.59933694921875 0.061163154296875 0.563726251953125 0.07432296484375 0.55273023828125 0 0.562873998046875 0 0.671991904296875
1 0.04501471875 0.630115818359375 0.031052771484375 0.643146876953125 0.031059361328125 0.70476414453125 0.05881533203125 0.890965298828125 0.081220306640625 0.99780908203125 0.165383546875 0.99656221875 0.113408505859375 0.693524953125 0.105400142578125 0.6740785625 0.09100682421875 0.66406168359375 0.0835681328125 0.623998154296875 0.06712662109375 0.623674705078125 0.04501471875 0.630115818359375
1 0.272304693359375 0.783093478515625 0.262584017578125 0.794689873046875 0.2703058984375 0.809040515625 0.26068071875 0.8223354921875 0.266591494140625 0.835221701171875 0.25706180859375 0.850215259765625 0.26144796875 0.86673278515625 0.256307736328125 0.92905250390625 0.260598404296875 0.9438714453125 0.282140634765625 0.95804747265625 0.31006452734375 0.93198535546875 0.3206380625 0.87405893359375 0.32501433984375 0.79815055859375 0.33282841796875 0.7833911484375 0.328916435546875 0.74455790234375 0.336635021484375 0.728099912109375 0.333677984375 0.70625248828125 0.341778546875 0.696588826171875 0.334152162109375 0.683936767578125 0.33595996875 0.654592564453125 0.3733674453125 0.628091916015625 0.393618853515625 0.60393276171875 0.371266564453125 0.5907231015625 0.276048720703125 0.58831409765625 0.244548724609375 0.59689232421875 0.246932794921875 0.60854825390625 0.282203177734375 0.651659712890625 0.281729 0.673975439453125 0.27524855078125 0.681706365234375 0.28135031640625 0.697989740234375 0.27334524609375 0.709351986328125 0.279447015625 0.725635359375 0.269917328125 0.74062891796875 0.275732611328125 0.751816546875 0.2644873203125 0.767044255859375 0.272304693359375 0.783093478515625
1 0.382024533203125 0.92045248046875 0.372303857421875 0.932048873046875 0.37316330859375 0.94733611328125 0.361631533203125 0.95746807421875 0.367542310546875 0.970354287109375 0.35458141015625 0.98581614453125 0.357832701171875 0.99371112109375 0.4168603203125 0.99283663671875 0.418096923828125 0.9901293515625 0.409597755859375 0.838952859375 0.36576412890625 0.831100291015625 0.3565670234375 0.8366345703125 0.38592992578125 0.89766845703125 0.382024533203125 0.92045248046875
1 0.496579994140625 0.934780484375 0.513485171875 0.98537404296875 0.67440502734375 0.963411349609375 0.67489435546875 0.949493947265625 0.906192146484375 0.766606408203125 0.908089103515625 0.71265348828125 0.848560203125 0.706134298828125 0.63628837109375 0.876662583984375 0.581379791015625 0.864631529296875 0.52321257421875 0.8823328671875 0.496579994140625 0.934780484375