1 0.45 0 0.45 0.050388119140625 0.53759437890625 0.1610843125 0.624842701171875 0.258399748046875 0.63658766796875 0.275178271484375 0.613097734375 0.30537961328125 0.613097734375 0.31880243359375 0.622325923828125 0.33138632421875 0.648332634765625 0.33725880859375 0.6877621640625 0.32635276953125 0.747325923828125 0.275178271484375 0.76913800390625 0.23490981640625 0.765782298828125 0.214775587890625 0.751520552734375 0.203869546875 0.733064177734375 0.203869546875 0.69279572265625 0.22568162890625 0.67014471484375 0.18625209765625 0.57282927734375 0.06880243359375 0.540950083984375 0.04027894140625 0.509101619140625 0 0.45 0
1 0.61980914453125 0.2953125 0.61980914453125 0.276856123046875 0.60890310546875 0.255882970703125 0.54514471484375 0.23742659375 0.46125209765625 0.24413800390625 0.45 0.247888703125 0.45 0.30027265234375 0.4528628359375 0.3028628359375 0.48725880859375 0.31712458203125 0.4825071953125 0.3796875 0.56639504296875 0.3796875 0.56779572265625 0.34397021875 0.5627621640625 0.31712458203125 0.60890310546875 0.30957424609375 0.61980914453125 0.2953125
1 0 0.84597685546875 0.012007130859375 0.845270552734375 0.064020552734375 0.8150692109375 0.19321518359375 0.759700083984375 0.45 0.634907462890625 0.45 0.57580683984375 0 0.7859949296875 0 0.84597685546875
1 0.41888632421875 0.91657927734375 0.405463505859375 0.926646392578125 0.388684982421875 0.975304111328125 0.388684982421875 0.99879404296875 0.444054111328125 0.9736262578125 0.44740981640625 0.958525587890625 0.45 0.95593540234375 0.45 0.86707005078125 0.44908766796875 0.867921560546875 0.43063129296875 0.89980075390625 0.420564177734375 0.9048343125 0.41888632421875 0.91657927734375
1 0.293576064453125 1 0.428953439453125 0.84610948046875 0.436503775390625 0.83855914453125 0.45 0.841089685546875 0.45 0.7873943125 0.419725251953125 0.7630557890625 0.394557466796875 0.764733640625 0.387007130859375 0.7722839765625 0.387007130859375 0.78402894140625 0.39707424609375 0.8058410234375 0.38952391015625 0.80667994921875 0.33163800390625 0.867921560546875 0.21731204296875 1 0.293576064453125 1
1 0.119389681640625 0.57010276953125 0.23432256640625 0.451814177734375 0.29984222265625 0.3796875 0.22047428515625 0.3796875 0.076604447265625 0.537384646484375 0.076604447265625 0.5558410234375 0.10009437890625 0.57765310546875 0.119389681640625 0.57010276953125
1 0.76050755078125 0.75503355859375 0.779802853515625 0.7592281875 0.805809564453125 0.75503355859375 0.84440016796875 0.736577181640625 0.85362835546875 0.725671140625 0.85362835546875 0.710570470703125 0.84440016796875 0.703020134765625 0.82594379296875 0.704697986328125 0.81839345703125 0.69714765234375 0.68779948046875 0.3796875 0.6273458515625 0.3796875 0.77309144140625 0.71728187890625 0.75463506640625 0.737416107421875 0.75463506640625 0.745805369140625 0.76050755078125 0.75503355859375
1 0.630473994140625 0.428691275390625 0.617890099609375 0.40771812109375 0.589366611328125 0.40771812109375 0.555809564453125 0.421140939453125 0.532319630859375 0.40939597265625 0.52141358984375 0.41359060546875 0.52309144140625 0.457214765625 0.54993708203125 0.50083892578125 0.5600041953125 0.4924496640625 0.565876677734375 0.466442953125 0.59775587109375 0.463087248046875 0.6271182890625 0.44714765234375 0.630473994140625 0.428691275390625
1 0.57007130859375 0.79781879296875 0.55497063671875 0.822986576171875 0.573427013671875 0.839765099609375 0.59272231640625 0.83892617578125 0.6363464765625 0.82214765234375 0.65228607421875 0.80788590625 0.65228607421875 0.787751677734375 0.639702181640625 0.778523490234375 0.622923658203125 0.7818791953125 0.608661912109375 0.7575503359375 0.458899203125 0.3796875 0.45 0.3796875 0.45 0.504471095703125 0.507990771484375 0.64681208203125 0.53483641015625 0.693791947265625 0.57007130859375 0.79781879296875
1 0.658997482421875 1 0.658997482421875 0.970637583984375 0.65396392578125 0.9253355703125 0.64809144140625 0.919463087890625 0.6027894296875 0.95637583984375 0.45849412890625 0.96140939453125 0.45 0.965656458984375 0.45 1 0.658997482421875 1
1 0.543225671875 0.7407718125 0.50463506640625 0.687080537109375 0.50882969921875 0.6661073828125 0.466883388671875 0.681208052734375 0.45 0.695353595703125 0.45 0.71699524609375 0.466883388671875 0.7181208046875 0.50127936328125 0.76761744921875 0.5188968125 0.765100671875 0.543225671875 0.7407718125