1 0.560810611328125 0.391527705078125 0.569353345703125 0.38614396484375 0.594311783203125 0.392935134765625 0.60645591015625 0.38927728515625 0.615752599609375 0.399763771484375 0.623708921875 0.38203651953125 0.628566697265625 0.39168816015625 0.621866548828125 0.39881652734375 0.63685832421875 0.39953897265625 0.634596662109375 0.370452927734375 0.62220121484375 0.368820701171875 0.632167666015625 0.356364794921875 0.611396822265625 0.34511839453125 0.60109528125 0.3505208671875 0.59029109765625 0.34534319140625 0.588616486328125 0.38417454296875 0.581497044921875 0.345436857421875 0.533823181640625 0.337166259765625 0.535963869140625 0.382226013671875 0.5515976953125 0.382804578125 0.560810611328125 0.391527705078125
1 0.854867033203125 0.395452712890625 0.830411232421875 0.399241693359375 0.781416078125 0.423580923828125 0.791717833984375 0.436703080078125 0.8076308984375 0.43829783984375 0.820445208984375 0.448746857421875 0.834348146484375 0.44507027734375 0.84716245703125 0.455519294921875 0.86098162109375 0.450079357421875 0.90344438671875 0.4549198359375 0.910228310546875 0.449554830078125 0.94716332421875 0.449161435546875 0.95444988671875 0.454376576171875 0.984864771484375 0.448927111328125 0.982180697265625 0.3924294765625 0.97806752734375 0.395904751953125 0.961903140625 0.38901991796875 0.951685373046875 0.39618575 0.9391223828125 0.391026806640625 0.92530321875 0.39646674609375 0.910981416015625 0.391326537109375 0.900679873046875 0.396729009765625 0.854867033203125 0.395452712890625
1 0.560894384765625 0.3932910625 0.5765561328125 0.38959574609375 0.60503219140625 0.396349453125 0.616003919921875 0.405053845703125 0.635183287109375 0.401321064453125 0.642553623046875 0.40829956640625 0.65469774609375 0.40464171875 0.744481060546875 0.423974318359375 0.759053970703125 0.415879974609375 0.773375771484375 0.421020185546875 0.794816375 0.409324193359375 0.77957328125 0.40331166796875 0.764581294921875 0.384064591796875 0.752353392578125 0.38595908203125 0.7428053828125 0.370182521484375 0.728902447265625 0.3738591015625 0.716004361328125 0.3616467265625 0.70218519921875 0.367086666015625 0.69112969921875 0.3566189140625 0.6755517265625 0.362077587890625 0.664496224609375 0.3516098359375 0.65419468359375 0.35701230859375 0.636103939453125 0.346619490234375 0.62756120703125 0.35200323046875 0.6129880859375 0.341572947265625 0.597410111328125 0.3470316171875 0.588197193359375 0.3383084921875 0.572619220703125 0.3437671640625 0.55988868359375 0.335081501953125 0.533737373046875 0.335360041015625 0.536029953125 0.383617017578125 0.55168146875 0.3845679375 0.560894384765625 0.3932910625
1 0.275 0.20991030092592594 0.051996527777777746 0.05769675925925921
1 0.06976996527777778 0.1605902777777778 0.04236111111111113 0.0629774305555556
1 0.4069010416666667 0.43480902777777775 0.04214409722222223 0.05321180555555549
1 0.21069878472222223 0.5072771990740741 0.03997395833333334 0.04333043981481488
1 0.41521267361111114 0.23679832175925927 0.04010416666666661 0.049189814814814825
1 0.6007818671875 1 0.60205908203125 0.99864115625 0.587820625 0.958215044921875 0.679863896484375 0.85843665625 0.6793612578125 0.847856505859375 0.647199822265625 0.819088921875 0.629109291015625 0.82722073046875 0.5895785859375 0.884097794921875 0.56123905078125 0.914248552734375 0.56531290625 1 0.6007818671875 1
1 0.315437896484375 0.590987435546875 0.3012838515625 0.607898572265625 0.295588982421875 0.63618723828125 0.30563941796875 0.644019318359375 0.332356666015625 0.6507917578125 0.50731747265625 0.74066928125 0.554011130859375 0.762106568359375 0.55065275390625 0.69141540234375 0.3402287890625 0.594251888671875 0.315437896484375 0.590987435546875
1 0.2378004140625 0.7161940234375 0.240564501953125 0.73733558984375 0.231351796875 0.747137095703125 0.00455196875 0.855323107421875 0.00763080078125 0.920130060546875 0.2584045625 0.79801222265625 0.297684802734375 0.809943603515625 0.30865631640625 0.800123369140625 0.309409849609375 0.7789443359375 0.293496357421875 0.74030031640625 0.268286388671875 0.70969444140625 0.25061451171875 0.7081184140625 0.2378004140625 0.7161940234375
1 0.22913712109375 1 0.231438337890625 0.989720634765625 0.223984228515625 0.98097877734375 0.23026551171875 0.9650336171875 0.220801275390625 0.951020416015625 0.21100151953125 0.8929045234375 0.214770248046875 0.87963250390625 0.25195637109375 0.86600455078125 0.245339783203125 0.8563716484375 0.21879008203125 0.853125927734375 0.152122837890625 0.857364501953125 0.128839646484375 0.8673158671875 0.129258513671875 0.87613266015625 0.167868994140625 0.91100643359375 0.169293560546875 0.97803278515625 0.173589943359375 1 0.22913712109375 1
1 0.11593339453125 1 0.159494232421875 0.956966150390625 0.155473974609375 0.946423466796875 0.12523889453125 0.9211638671875 0.0744013671875 0.9622831015625 0.043747845703125 0.965255966796875 0.070810763671875 1 0.11593339453125 1